1 , 0.150483482498897 , 27.7827516217532
2 , 0.19302879495268 , -12.7608705288975
3 , 0.21119293060793 , -0.352796666916685
4 , 0.233759335666546 , 17.5487627225412
5 , 0.302501932672509 , -9.48141547518444
6 , 0.324763557454429 , -3.21446707425336
7 , 0.324316353038462 , 10.6577084578956
8 , 0.326902790733513 , -3.16030070486345
9 , 0.338378475854689 , -14.0602954104457
10 , 0.350030299316375 , 59.3579881407986
11 , 0.893979066059399 , 56.6863150429351
12 , 0.347073162386077 , -2.59168934787588
13 , 0.348500125849193 , 7.76278336190432
14 , 0.385665187849506 , 10.542066362728
15 , 0.475514229446568 , 0.000171018545722945
16 , 0.478219799560492 , -13.033305665113
17 , 0.484483812671799 , 2.71031150517352
18 , 0.485817862550275 , -11.5254713804145
19 , 0.487039316468935 , -11.5793662047237
20 , 0.487080083385158 , -12.9488778795202
21 , 0.495764427649997 , -0.102099142449111
22 , 0.501981042822976 , -9.01927062997504
23 , 0.523493013321499 , -12.6589508651348
24 , 0.531150445605658 , 30.9040076166374
25 , 0.529597195488015 , -0.346076539057736
26 , 0.538816044364166 , -13.2770752558326
27 , 0.561116720488115 , -13.3104689419813
28 , 0.561782154774875 , -13.3951965769736
29 , 0.579163416965806 , -2.11574300501525
30 , 0.580275574817452 , -2.02351836461475
31 , 0.583180774823527 , 12.3307040338936
32 , 0.593302978473895 , -2.07994368722418
33 , 0.594247479390729 , -2.07661258694997
34 , 0.603096750831101 , 9.18684115768041
35 , 0.637424872672357 , 10.4193368830304
36 , 0.63979363194441 , -15.3805165102238
37 , 0.652180742971955 , -15.2983284899316
38 , 0.653457301822254 , -15.3588918875384
39 , 0.661696012670567 , -14.1119098815886
40 , 0.66550157035796 , 2.51736284850506
41 , 0.670555234600901 , -14.1136041745149
42 , 0.694308530213296 , -15.3681881978913
43 , 0.716072842182518 , 29.7049212169029
44 , 0.713985135281251 , 0.907119976557048
45 , 0.720103625494425 , 29.7188010975255
46 , 0.726016156808571 , 27.3166686289647
47 , 0.724606124388709 , -13.6801463335097
48 , 0.735662146326614 , -8.12515731197074
49 , 0.74186259242576 , 1.91154165528278
50 , 0.777665031719422 , -9.44315286000016
51 , 0.782738253800297 , -13.3814438761819
52 , 0.816210012645532 , 4.15283194263995
53 , 0.854375122688259 , 10.6620338575597
54 , 0.855861831539732 , -2.22827973956731
55 , 0.87144382041304 , 7.78010564504879
56 , 0.867677241331692 , -12.7847881654449
57 , 0.923220904916292 , 11.902705723298
58 , 0.926650190373513 , -13.6181305667045
59 , 0.969139498313001 , 61.2080407828159
60 , 0.943819933884127 , -13.2981851983976
61 , 0.961709350311777 , 7.56780373394097
62 , 0.98868412126915 , 11.8691152796393
63 , 1.00266710168155 , 60.9754071433214
64 , 1.00021387624207 , 27.1213219554951
65 , 1.0260475499726 , 47.7449857838971
66 , 1.01919917939766 , 30.8587563424155
67 , 1.01432942670333 , -6.85144225539493
68 , 1.01543984311422 , -6.88478277278169
69 , 1.03343742101872 , 31.1031617515667
70 , 1.02732851409568 , 0.111177741190492
71 , 1.03144240609824 , -6.70789912138548
72 , 1.03571979225919 , -6.71875278821193
73 , 1.091096991237 , 4.82705320669134
74 , 1.10853005094452 , 4.15053507071054
75 , 1.12967701848679 , 10.8973194819789
76 , 1.14604103706629 , -4.49552289396536
77 , 1.15470254039671 , -15.3626373695737
78 , 1.15577500639667 , -15.7865558769736
79 , 1.15635569264592 , -15.8901754350111
80 , 1.15675798962137 , -15.3482013638854
81 , 1.16577172534881 , -1.63598280358956
82 , 1.16082553072421 , -15.9421470549098
83 , 1.1845430217976 , 1.74832741501858
84 , 1.2000436017955 , 1.69991194469197
85 , 1.20666296733301 , -0.393604194621661
86 , 1.23374673738075 , -16.1833858607496
87 , 1.24733331649627 , 0.824602786880486
88 , 1.25163982319966 , 0.85041503942234
89 , 1.27739322429525 , 4.35331112312292
90 , 1.28448101242309 , -7.91870616907408
91 , 1.32060638967342 , 2.61266717626594
92 , 1.34060443714955 , 32.8280028248007
93 , 1.3264239228351 , -17.0039650072136
94 , 1.34518964592914 , 32.7801977969487
95 , 1.33088219317403 , -12.5162158091307
96 , 1.35298447648389 , 29.6768522388251
97 , 1.34384029879418 , 14.9209879219235
98 , 1.35782146706965 , -12.54693309967
99 , 1.3835019730268 , -12.8954440153777
100 , 1.39111912745781 , -4.5849298811757
101 , 1.41223065207286 , 9.98909703348448
102 , 1.41717524976962 , 9.9457313120243
103 , 1.41977144848928 , 2.102609274573
104 , 1.41884418757115 , -1.39820088748495
105 , 1.42249473601619 , 2.13287298152657
106 , 1.42114628966207 , -1.52933548002198
107 , 1.4335387606607 , 14.9235330196162
108 , 1.42008849481657 , -12.5787043837196
109 , 1.42991204269272 , 2.12532767915496
110 , 1.44017901240365 , 33.5714114102521
111 , 1.44092942457906 , 33.5647403672788
112 , 1.44405829311809 , 11.5015292780496
113 , 1.45055814148842 , 19.2510076446814
114 , 1.44946195974428 , 9.9685964882024
115 , 1.45861788501809 , 19.2734623133609
116 , 1.45683120155798 , -4.92507895938219
117 , 1.46622392973556 , -1.80935606787204
118 , 1.46946940459861 , -4.93988201064548
119 , 1.47480270261565 , -1.9827560307099
120 , 1.47977867029227 , -1.8577782444348
121 , 1.48237483136205 , 2.57031644383839
122 , 1.47948416870927 , -14.7825569019228
123 , 1.49062405685395 , 2.50442642747472
124 , 1.49539001948579 , -1.87093375208987
125 , 1.49763999926218 , -13.223130871552
126 , 1.5061389150929 , -1.92628442702038
127 , 1.50591121047263 , -6.92303399227272
128 , 1.53254366168889 , -12.5683189868078
129 , 1.5345702020313 , -12.5977785869968
130 , 1.53378277649933 , -15.5351865204578
131 , 1.56475304895849 , 30.811278239738
132 , 1.5650382337272 , 31.0043478983477
133 , 1.56498038246823 , 30.9440668019515
134 , 1.56759395406817 , 30.9587742836737
135 , 1.58156539928167 , 30.6792201461228
136 , 1.58167438287735 , 30.6208813432925
137 , 1.57136027300804 , 30.5823315518362
138 , 1.56015140113795 , -0.632928531392071
139 , 1.57706064985269 , 30.635077248717
140 , 1.57672615589262 , 30.6097986938754
141 , 1.55685876517902 , -14.7589053040884
142 , 1.57609447392353 , 30.8153743965679
143 , 1.58034836255769 , 30.8372950110333
144 , 1.63719936913709 , -13.258808689387
145 , 1.65367418521204 , 0.797656953261952
146 , 1.65342981044089 , -17.7761639399278
147 , 1.67564010463849 , -14.8078008796501
148 , 1.71631988507464 , 13.7052161417177
149 , 1.71619231472926 , -16.245416503059
150 , 1.72576447170885 , 4.25519821010198
151 , 1.74267458746351 , 13.2591582375505
152 , 1.74372611120408 , 13.1310840477574
153 , 1.75338104325227 , 12.6898657051107
154 , 1.76448418117972 , 10.7060068529127
155 , 1.80517070639944 , 60.6709453732081
156 , 1.76806525402361 , 10.6095832874906
157 , 1.77181143203599 , 12.9297525704317
158 , 1.77423361244167 , -6.8804722164615
159 , 1.78295251310191 , -8.58205305464266
160 , 1.78403971783856 , -13.1929454154696
161 , 1.82216152131118 , 10.5641790240269
162 , 1.82482933102713 , 10.5780493366819
163 , 1.83119771084214 , 20.7672154391906
164 , 1.82850340923969 , -3.84982339939516
165 , 1.84789837503825 , 27.7032532529659
166 , 1.88803002767871 , 61.9043319118833
167 , 1.86278638438956 , 21.9690287321878
168 , 1.85031286143786 , -8.4695104150072
169 , 1.8534391914082 , -12.6253926280837
170 , 1.87528362306099 , -8.46331891329768
171 , 1.93058650697086 , 35.339128790443
172 , 1.92472951033565 , 0.865904621336216
173 , 1.94222052841705 , 1.33885780397781
174 , 1.94758822106063 , 3.81679792959276
175 , 1.94825052089136 , 1.3865906371463
176 , 1.95776862287731 , -1.96514867781586
177 , 1.95981138096022 , -0.0352868649984962
178 , 1.99309962965538 , 36.7318219390616
179 , 2.01447062894573 , 38.0781567015546
180 , 2.01065166042369 , 23.660523472773
181 , 2.01120979319307 , 23.7146906153655
182 , 2.00762187221095 , 7.46633844005899
183 , 2.00220168738788 , -5.29411586126236
184 , 2.00692272914251 , -6.78760557771048
185 , 2.01128950406636 , -1.47444209367635
186 , 2.01623342918633 , -1.50004132335734
187 , 2.03590307448348 , 26.5366864633504
188 , 2.04240430366265 , 27.0889053099979
189 , 2.04194305680276 , 23.6063731108029
190 , 2.04591725849849 , 23.6055070476972
191 , 2.05186802005093 , 18.4274941455656
192 , 2.0526058243038 , 16.068665766561
193 , 2.05202276432725 , 11.1471220897808
194 , 2.061172233882 , 2.66714560970601
195 , 2.07261593577095 , 14.7633797420206
196 , 2.07403442790444 , 14.7933720498421
197 , 2.07779221133007 , 2.83979556108002
198 , 2.11088410082937 , 9.34951778531138
199 , 2.11541042604296 , 9.28058324217093
200 , 2.10169723809634 , 31.2310068537246
201 , 2.13090966781881 , 9.16877269837972
202 , 2.13463489191039 , 9.22180005020705
203 , 2.13491090269447 , 9.17623796121107
204 , 2.13377277153454 , -1.37743537559523
205 , 2.13391332901056 , -2.0397135247612
206 , 2.16794038172045 , -6.91735753739196
207 , 2.17033094797393 , -6.8709865574605
208 , 2.15097237560037 , 6.44752402995487
209 , 2.15899239737365 , -7.00756147686811
210 , 2.16713451267056 , -9.62839515006042
211 , 2.19537818099667 , 3.90412840400495
212 , 2.23764211601179 , 16.6473860196776
213 , 2.24486093234301 , 16.5089744257453
214 , 2.24480109399257 , 5.2279602374846
215 , 2.24530594963767 , -6.75527741670667
216 , 2.27495135446796 , -1.96377204897622
217 , 2.278777989442 , -11.8754381318661
218 , 2.29506293800832 , 1.33354207527964
219 , 2.32013329597379 , -6.85293801204338
220 , 2.32909525141201 , -12.7318191108148
221 , 2.38900219212554 , 28.3095613153343
222 , 2.39016604145194 , 11.6896704241375
223 , 2.37567919797524 , -20.6972977572446
224 , 2.42167770323323 , -12.5152147698462
225 , 2.45090766801103 , 1.21035266903216
226 , 2.47368764063588 , 28.2606834129508
227 , 2.47866101711247 , 28.2272966951553
228 , 2.45391455347522 , -14.4676338406452
229 , 2.46466075989176 , -23.7628464681458
230 , 2.48897469446114 , -10.7835380072178
231 , 2.50872008925128 , 1.22838248387996
232 , 2.5296150221828 , 1.31484327349323
233 , 2.53779784815292 , 2.85934139135356
234 , 2.53682931476925 , -0.090910418785007
235 , 2.55812882186086 , 20.6916235981428
236 , 2.5585260744848 , -0.0825227008336795
237 , 2.56853018546214 , 1.18804137273751
238 , 2.59994808020386 , 12.8874000833982
239 , 2.6195975729568 , 39.0202159469939
240 , 2.66162878926841 , 41.7705856789446
241 , 2.64159405392873 , 2.37543528753928
242 , 2.64937519826873 , -6.88684528760073
243 , 2.65162680333043 , -6.85492241702837
244 , 2.66669965229601 , 2.77492578185009
245 , 2.65745305983557 , -14.2600292492678
246 , 2.68441209942695 , 2.52637944220623
247 , 2.67822029050682 , -11.6872738001946
248 , 2.70103797657672 , 17.8604171563205
249 , 2.69331898209046 , -6.8892649442766
250 , 2.69077754350399 , -13.2678141228634
251 , 2.69613642882265 , -14.9124459829922
252 , 2.70480761779149 , -14.8022540486872
253 , 2.71054651515531 , -15.0017775105508
254 , 2.71029341821693 , -15.0617791579346
255 , 2.79479579636396 , 16.3361957847335
256 , 2.84062081314578 , 47.0041342399708
257 , 2.84198544755891 , 47.0252331874892
258 , 2.84161606510604 , 41.1010947750432
259 , 2.84019860786906 , 41.1047239196808
260 , 2.86303248297057 , 47.0044434640563
261 , 2.82675653980652 , -14.4260883807587
262 , 2.87438608310769 , 42.8772818381747
263 , 2.83747015037103 , -0.024429980700002
264 , 2.8229668768794 , -0.0631588038493991
265 , 2.92451673156275 , 41.7041143495029
266 , 2.93035498256468 , 42.312157968135
267 , 2.90764693870862 , 12.8948730099976
268 , 2.93312565823822 , -14.0603414529285
269 , 2.93298883451409 , -14.0233924093578
270 , 2.93789708741837 , -14.1645728486368
271 , 2.9422673716066 , -11.9652790969757
272 , 2.94406407132397 , -14.1440872175739
273 , 2.9628515744202 , 2.82022310214834
274 , 3.01431083206988 , 44.2641503912847
275 , 3.028142357662 , 44.397610291323
276 , 2.98694608740757 , -15.6611035049561
277 , 3.00724601628491 , 2.81470071040899
278 , 3.03718432775687 , 37.8130104190896
279 , 3.03067506664393 , 16.253767807236
280 , 3.06333742524071 , 42.405630227652
281 , 3.08952628243871 , 42.4092072287854
282 , 3.11619312266352 , 41.8949557749862
283 , 3.07376205317814 , -0.16192394054409
284 , 3.11529851999037 , 42.4177905342711
285 , 3.0774791243815 , -11.9735588134676
286 , 3.08922935541682 , -6.44350800566546
287 , 3.09180837265686 , -12.0287375250721
288 , 3.13834683166257 , 42.4336280446362
289 , 3.18744312050246 , 61.3643627618659
290 , 3.17435062875904 , 41.0202850313238
291 , 3.13310898573045 , -12.546229097167
292 , 3.18269837247739 , 40.8109962695853
293 , 3.19474304474141 , 41.1828288101246
294 , 3.19663977010858 , 40.6666444879897
295 , 3.19663977010858 , 40.6666444879897
296 , 3.19663977010858 , 40.6666444879897
297 , 3.23398034298619 , 42.1582703418849
298 , 3.19824596115418 , 1.35697219909699
299 , 3.19304629384698 , -13.0692368453196
300 , 3.2503849629983 , 42.4594843985159
301 , 3.25923368784442 , 42.267411485507
302 , 3.22427061209373 , 4.74752383251009
303 , 3.22043281337107 , -11.6497392200807
304 , 3.26263161338112 , 37.9258501215357
305 , 3.26326900421474 , 37.9044514174637
306 , 3.2258197460577 , -11.676198320037
307 , 3.23896902978843 , -0.200625244867655
308 , 3.28364906316103 , 41.2253450832212
309 , 3.28091597260526 , 40.8486761319716
310 , 3.29119671972899 , 41.3685955909627
311 , 3.29212529726235 , 40.0479045309243
312 , 3.31498021727299 , 41.7980618489867
313 , 3.3621138518786 , 41.9371997707781
314 , 3.3234893681287 , -1.93380004764194
315 , 3.32924861991404 , 4.07891256383633
316 , 3.36823326111932 , 41.9715696380216
317 , 3.32441954017033 , -12.701424730276
318 , 3.35441741833226 , -14.5302950374025
319 , 3.40406904510052 , 41.4588395190226
320 , 3.44575837611342 , 40.8310185543713
321 , 3.41708041007857 , -14.9489215603218
322 , 3.44346614846087 , 3.71851102022157
323 , 3.50543976994022 , 41.8970055250842
324 , 3.4496352584507 , -21.3195703139801
325 , 3.52292242195137 , -7.01020027241446
326 , 3.51905143904787 , -14.3893912013512
327 , 3.52839474324994 , -14.6567607341438
328 , 3.52862039467955 , -14.6023158505034
329 , 3.54349972322008 , 0.316585180900424
330 , 3.54533748769927 , 0.38990082522204
331 , 3.54841696182398 , 0.319297375088825
332 , 3.55359431186815 , 1.41960974893281
333 , 3.576346105468 , -5.07157637532476
334 , 3.77949449114103 , 76.6777215154691
335 , 3.59942302401785 , -34.4135608090832
336 , 3.64372883649301 , 23.2338835654528
337 , 3.61530481126047 , -6.68002634336147
338 , 3.63723646391955 , 3.15392261889364
339 , 3.64250200284584 , -18.363881277359
340 , 3.66701414389472 , -13.0812874829873
341 , 3.6930840909455 , 21.3302397010518
342 , 3.7987833136861 , 68.1349382629946
343 , 3.67727254372522 , -18.4107510535808
344 , 3.70104451420607 , -4.63157056060734
345 , 3.69450148387328 , -18.2815326761038
346 , 3.69888598236867 , -18.3382643546803
347 , 3.71856782171273 , -4.26483498606584
348 , 3.7548399010185 , 32.199920212127
349 , 3.78361372048356 , 23.9753635461515
350 , 3.75256740991726 , -11.7681938357115
351 , 3.80481852007458 , 35.0836739808085
352 , 3.80298588508641 , -8.6994663166804
353 , 3.89495074281164 , 25.298927072236
354 , 3.91079505595448 , 23.1807089939524
355 , 3.90733895554264 , 20.0076598200928
356 , 4.14966576807418 , 69.8463871797964
357 , 4.0735532975649 , 22.1910313419408
358 , 4.07307816812291 , 19.9266429997229
359 , 4.21974345007052 , 27.7327545118847
360 , 4.16239705437799 , 26.1615090133281
361 , 4.33019030357932 , 58.2802975056807
362 , 4.28747304311756 , -12.1748841922707
363 , 4.32539992300774 , 3.0578711059387
364 , 4.32857740857668 , 3.21506020254597
365 , 4.33069943643186 , 3.37448789551559
366 , 4.33821677278346 , 2.38566784929901
367 , 4.35356579241365 , -14.7569319924565
368 , 4.38752607482287 , -12.5914358357718
369 , 4.40022361404019 , -11.7662816299263
370 , 4.40972516659056 , -9.3720543335798
371 , 4.5133683113016 , -0.538128624524588
372 , 4.51070014301376 , -4.98794055133501
373 , 4.52140517695918 , -4.84781559665036
374 , 4.55351388102543 , 16.6584739571808
375 , 4.52652718321177 , -12.9524892966341
376 , 4.52948318520358 , -12.4119341248759
377 , 4.53025933449423 , -12.4338925217153
378 , 4.5334370532325 , -12.2780953005963
379 , 4.54018531268554 , -7.21637442804911
380 , 4.53711412625438 , -12.9062603475157
381 , 4.76715243168349 , 75.664967150344
382 , 4.64127701061451 , -9.50009319222454
383 , 4.66003684158498 , 9.91363626998314
384 , 4.66439808052135 , -7.819476250354
385 , 4.66811735424488 , -7.07752531898816
386 , 4.67547722245959 , -9.43673532278778
387 , 4.70500871782514 , -7.06754923559931
388 , 4.7072709615859 , -7.28538203100082
389 , 4.70927045540554 , -7.292080402041
390 , 4.71044503703563 , -7.18709006813818
391 , 4.98611881912062 , 78.2115652965188
392 , 4.78398577098313 , 3.52411229434451
393 , 4.80647606806392 , -15.5087509002672
394 , 4.81798863067242 , -6.26260142851293
395 , 4.83598247390761 , 0.270756642306343
396 , 4.98677596337759 , 68.3442208221473
397 , 5.03194816861785 , 40.4431146610034
398 , 4.97949946164232 , -7.76643036009776
399 , 5.03850667714624 , -4.27457938758375
400 , 5.07142755133104 , -15.8071820578694
401 , 5.0813633451511 , -10.0629914857787
402 , 5.11335317282999 , -9.09509651820299
403 , 5.26788489443279 , 39.9869297673259
404 , 5.23277643908786 , 9.76658768745776
405 , 5.28767517310007 , 34.3694114718236
406 , 5.31038636414574 , 39.8989874152376
407 , 5.30395652999712 , -15.5148281850354
408 , 5.33708474562722 , -25.0571596265239
409 , 5.33616960604081 , 3.32678421215933
410 , 5.3916805911551 , 33.4234098615987
411 , 5.34645057020625 , -25.317328966355
412 , 5.37596413622958 , 3.49530764034233
413 , 5.3765194051021 , 3.49113143678443
414 , 5.37548130499152 , 3.3519692572458
415 , 5.36476277017244 , -15.534713951087
416 , 5.40765621722304 , -17.2536013399297
417 , 5.48119920824706 , 34.4339407267541
418 , 5.4668775953495 , -12.6906186664772
419 , 5.52689374485631 , 30.126935172709
420 , 5.54558279459936 , -4.49931345329593
421 , 5.54507821386012 , -7.91264221534994
422 , 5.54713743318655 , -17.2195039513395
423 , 5.56603931110765 , -0.609045012769756
424 , 5.57027653760389 , -0.407709293753701
425 , 5.61959362951769 , 32.4380744807869
426 , 5.61865119180047 , -0.284337989417004
427 , 5.6144860013441 , -6.6125763150668
428 , 5.6162210396807 , -6.44759139089667
429 , 5.64848457887456 , -7.03873098412666
430 , 5.65123121545982 , -7.08405803072072
431 , 5.68043060795414 , -1.45491258022178
432 , 5.69206797512631 , -1.4912209543042
433 , 5.68441440949475 , -11.6627463931244
434 , 5.69313634190343 , -2.44131856941334
435 , 5.72648194294057 , -2.31019742670997
436 , 5.90787863411473 , 38.6314785723166
437 , 5.86941334427778 , -12.5650514938661
438 , 5.89196655243702 , -17.8771906144439
439 , 5.95143021474911 , 32.0248715858446
440 , 6.35561244868572 , 80.0667596418824
441 , 6.05426663637699 , -12.5033952042347
442 , 6.64916954990954 , 82.9624058030378
443 , 6.30870334853497 , 22.8118470664318
444 , 6.33477202771798 , 23.2583864645908
445 , 6.64329312111522 , 67.8526135872982
446 , 6.52941736831299 , 10.4387590748099
447 , 6.52754166080986 , 9.88763592686631
448 , 6.55651822954302 , 7.36973149686101
449 , 6.78430444998689 , 71.3340001239641
450 , 6.89575226015289 , 74.4161460889981
451 , 6.90677290555818 , 74.4684626027966
452 , 6.81964675228665 , -16.9176320926532
453 , 6.82856415633769 , -16.9236090438447
454 , 6.86275760610326 , 12.9072788098629
455 , 7.64609905528217 , 85.5145557042226
456 , 7.01256083593051 , -30.1832824259321
457 , 7.17298672911939 , 50.1354038080246
458 , 7.19114159017622 , 50.1017651641651
459 , 7.19251319568133 , 50.159799302429
460 , 7.19404485297464 , 50.184220506764
461 , 7.19427282507938 , 50.0633755306165
462 , 7.19726203525539 , 50.1630529406188
463 , 7.19869474592276 , 50.1013583126134
464 , 7.19969785144904 , 50.1180116952524
465 , 7.20779910986572 , 50.2306601488503
466 , 7.15392423029503 , -4.338360946338
467 , 7.53843676818185 , 79.8505695560053
468 , 7.29774558700986 , -13.2425170639481
469 , 7.99046670888647 , 85.1297630279017
470 , 7.40642941335204 , 46.0573544919575
471 , 7.74159016853026 , 49.641032288705
472 , 7.74541210858977 , 49.5862443633353
473 , 7.71761765757372 , 9.22556889966529
474 , 7.7807631594525 , 26.4753553650896
475 , 7.79831099044358 , 30.4597730470737
476 , 7.79999262842496 , 26.9214731572858
477 , 7.88038212371838 , 23.4528031627891
478 , 7.90693118733443 , 26.4611872143461
479 , 7.91822239191217 , 26.9760448986217
480 , 7.93514044101569 , 26.7107717034318
481 , 7.99594269331868 , 24.1277557961823
482 , 8.00839799980776 , 25.3234695798419
483 , 8.00986156855815 , 25.892369998001
484 , 8.0123114906798 , 26.6332086449894
485 , 8.01753520118268 , 26.6689648508051
486 , 8.01788926126504 , 26.5806213226838
487 , 7.99543084356758 , -0.671318443055443
488 , 8.02577236758047 , 25.8699055303598
489 , 8.03944830001771 , 26.0180431861763
490 , 8.06753341659721 , 25.7776081675877
491 , 8.07728382813727 , 26.4858356035172
492 , 8.10597031102304 , 26.1334442509255
493 , 8.13621278787699 , 25.0990499239541
494 , 8.11695955057617 , 1.00117128504382
495 , 8.1494456804617 , 8.97885463628535
496 , 8.17412503087431 , 25.8460327066709
497 , 8.18021317345837 , 24.8870030329888
498 , 8.16889782150006 , 5.2445102942567
499 , 8.81185783228852 , 85.6994731069229
500 , 8.22010462636976 , -16.0886985374429
501 , 8.32498205934326 , 24.5004380993546
502 , 8.37836024646697 , 8.71421872267695
503 , 8.37996453265004 , 3.2295233485907
504 , 8.38852572514235 , 4.22277937894182
505 , 8.3997548561214 , 4.33374089247214
506 , 8.40227754106118 , 4.26092561923814
507 , 8.42734274532881 , -0.630992593720259
508 , 8.48465194295902 , 25.0848777763937
509 , 8.54599670483735 , 23.9698104688315
510 , 8.54639513737384 , -2.20374644997469
511 , 8.70246865255112 , 73.4463823897722
512 , 9.11523320529421 , 85.456468230443
513 , 8.56082304400679 , -12.3970129009989
514 , 8.59957117351084 , -2.08916090071875
515 , 8.60205232121926 , -1.94279963807933
516 , 8.60749844460232 , -1.91342501496393
517 , 8.61615533144151 , -2.09798761528254
518 , 8.62878642214379 , 0.64999238932708
519 , 8.68653705819207 , 2.5687523565327
520 , 8.91650952938743 , 73.4475969119996
521 , 8.78925403012801 , 2.49383077407484
522 , 8.92491510199104 , 57.1225819828058
523 , 8.89712014147999 , 9.10268575170385
524 , 8.97935598866981 , -19.238637695179
525 , 9.03299407129944 , -1.90063886708672
526 , 9.05539133046948 , 10.7946936501341
527 , 9.17410544130762 , 37.5538723914773
528 , 9.16725982245524 , 15.7471199186351
529 , 9.32970011762541 , 73.7111872878536
530 , 9.26552832754416 , 11.8361606031188
531 , 9.30761094746001 , -0.328719532781034
532 , 9.32706005059829 , -16.7977117011824
533 , 9.34979553949853 , -4.042561043998
534 , 9.36466416519775 , 3.09905133575596
535 , 9.38129866724302 , -1.09146857760921
536 , 9.42258440648324 , 25.0589036070457
537 , 9.43251980599162 , -12.4432217971696
538 , 9.46644524556822 , 22.9680887817055
539 , 9.4956772721219 , -2.601566908265
540 , 9.51335223580542 , 7.84866512844424
541 , 9.51832444394066 , -4.30292319058981
542 , 9.52797550204516 , -13.2341792580375
543 , 9.5284015712314 , -14.8319642790953
544 , 9.6094689907783 , 24.8393829801532
545 , 9.61285937424076 , 24.8940705517382
546 , 9.59006541951264 , -16.4381159930819
547 , 9.61124971776436 , -12.4905404980148
548 , 9.6492952685358 , 9.39202680757223
549 , 9.68899226358181 , 3.90435213686905
550 , 9.68450041662113 , -7.00039245480835
551 , 9.69381613204949 , 6.88211303696335
552 , 9.69856402937763 , 10.5926668545834
553 , 9.6891202881927 , -5.48987572906437
554 , 9.70988660220692 , 12.241744088985
555 , 9.70988660220692 , 12.241744088985
556 , 9.73852056764519 , 11.0064493507952
557 , 9.74468254298795 , 10.9336115600122
558 , 9.76166067102076 , 29.3979246486704
559 , 9.75609209563675 , 9.56070766854405
560 , 9.77500719572647 , -0.323714059003755
561 , 9.77667561257078 , 3.08962291377475
562 , 9.77779970221578 , -4.02736349764798
563 , 9.78258799620955 , 2.99067815018104
564 , 9.78281123287908 , 3.01567621718218
565 , 9.80816553198355 , 15.7958416785944
566 , 9.84248151435276 , -0.286830474229461
567 , 9.85346261278977 , 12.7295457513
568 , 9.86317325902633 , 15.6744884778382
569 , 9.86843526192758 , 10.8643889023066
570 , 9.87497749077855 , 15.6999340787156
571 , 9.88625244803849 , 15.7189970677488
572 , 9.88661621230595 , 15.7712162241898
573 , 9.903059387119 , -12.5387295373885
574 , 9.91741617721008 , -7.00943318048527
575 , 9.9190593066447 , -6.91389192215933
576 , 9.92923514168276 , 10.9832824419591
577 , 9.94504331331579 , 10.4420258153096
578 , 9.94840357211331 , 10.42949575929
579 , 9.95393682899226 , -13.8313688258684
580 , 9.97634011935102 , 10.3756377394836
581 , 9.98067950653277 , 15.8903640585754
582 , 9.99428358146907 , 17.759706269217
583 , 9.99561660134778 , 17.763860885209
584 , 9.9953345516183 , 10.303804709087
585 , 10.0062711616555 , 12.9317811972783
586 , 10.0072056801891 , -6.97963183883345
587 , 10.0615426181271 , -2.45759725148761
588 , 10.0455760169025 , 3.00057901033718
589 , 10.0832590211805 , -5.73636632567492
590 , 10.1073188567386 , 0.57479991596156
591 , 10.1349644011195 , 12.2156879148275
592 , 10.1430692178267 , -2.55741378571906
593 , 10.1484297046696 , -2.58523321256373
594 , 10.1523557908525 , -0.724718636578948
595 , 10.1711590224707 , 10.9420570951525
596 , 10.1858987484179 , 9.9827710817418
597 , 10.1799210172924 , -6.95738540087777
598 , 10.2255936890537 , 43.086676887493
599 , 10.2301080193065 , -5.688051478407
600 , 10.2963770025404 , -3.55688993880728
601 , 10.314663123665 , 6.97928851651504
602 , 10.3158572146998 , 6.98927991334202
603 , 10.3336167676149 , -5.71601841914297
604 , 10.4089136345487 , 56.9665689956534
605 , 10.3835807440976 , 1.13855713739611
606 , 10.4029162526285 , 10.8991882221035
607 , 10.4130813573022 , 16.6810464421994
608 , 10.4158345857865 , -6.09990760969398
609 , 10.4366161155317 , -2.27482140123401
610 , 10.4520523200362 , 20.1660454314086
611 , 10.4520523200362 , 20.1660454314086
612 , 10.4621291518699 , 10.9937731619211
613 , 10.462655864837 , 10.9504356298309
614 , 10.4578028868772 , -3.52549993258133
615 , 10.4666014264608 , 11.019574886606
616 , 10.5571455500054 , 15.7989402164766
617 , 10.5553331571038 , -12.6978872257972
618 , 10.5557481283526 , -12.7778873791907
619 , 10.5546986416126 , 12.1164779143066
620 , 10.5697969100558 , 11.8091591205671
621 , 10.5660865745799 , 2.55511171330619
622 , 10.5889953985521 , 11.1351524178271
623 , 10.599443391331 , 3.49655889256649
624 , 10.614210261105 , -8.39582459372845
625 , 10.7201105632848 , -23.9968189361018
626 , 10.6258846954879 , -7.08564140222377
627 , 10.6322581458173 , -3.41908291942235
628 , 10.6370514283685 , 5.54130287872742
629 , 10.6267403749943 , -27.6267819548349
630 , 10.6527448243769 , -7.23245846725207
631 , 10.6596653533591 , -7.11361129146868
632 , 10.6634460553471 , -0.471817259299202
633 , 10.6668634813249 , -0.450726283009015
634 , 10.69222104616 , 5.92958112264995
635 , 10.706509665137 , 15.5807773950132
636 , 10.7076763178102 , 4.26840559577054
637 , 10.7166644755531 , 15.2976641185436
638 , 10.740589595627 , 15.8327967985855
639 , 10.7750513109912 , 16.8664770501468
640 , 10.7911839271319 , 34.6868892768225
641 , 10.8081951360744 , 34.6092844286886
642 , 10.8128227613406 , 18.1254175007644
643 , 10.8346584002465 , 12.1378640214045
644 , 10.8709286358166 , 55.3277187132225
645 , 10.8459311808209 , -6.10600517324793
646 , 10.8720169293682 , 55.4029922791848
647 , 10.8527823370071 , -12.9166868675451
648 , 10.8605149221202 , 12.2243917010528
649 , 10.8579789163021 , 1.10210109912335
650 , 10.8544645825218 , -13.5044546474861
651 , 10.8596276934427 , -2.21338901175322
652 , 10.8592367016652 , -12.5106178604939
653 , 10.8786904582915 , -0.624352421947693
654 , 10.9072627954435 , -11.7886372511371
655 , 10.9163057012642 , -0.428982437676069
656 , 10.9296810531465 , 17.547853092045
657 , 10.9749373696744 , -4.9677447359432
658 , 10.9815082878096 , 8.17830316162117
659 , 10.9777715672614 , -6.32355218348072
660 , 10.9842559792591 , 1.31955141562124
661 , 10.991149421264 , 1.58729187525802
662 , 10.9992312532562 , 1.53559040912507
663 , 11.0207408571541 , 10.3730800308838
664 , 11.0229921779229 , 10.4889007745214
665 , 11.0182161621447 , -13.9295963595662
666 , 11.031155911672 , 10.416642795805
667 , 11.1205862823144 , 15.0244999477556
668 , 11.1213910180197 , 14.9764419105084
669 , 11.1315286808984 , 6.23853060980799
670 , 11.1349242134751 , 6.64989581028483
671 , 11.1356266819243 , 0.718937038354718
672 , 11.1441857268261 , -12.5481702560251
673 , 11.1671663551031 , -0.162267201272988
674 , 11.1962712322575 , 43.5678302259975
675 , 11.1928363579998 , 3.53003355733213
676 , 11.221338241316 , 8.99117564101161
677 , 11.2427488514783 , 12.2365761446125
678 , 11.2453487748559 , 6.51282026944896
679 , 11.2867793248684 , -14.0357880503279
680 , 11.3086369465901 , -2.01157187064809
681 , 11.3188658762855 , -12.2048386971268
682 , 11.3654489155818 , 20.1676498642879
683 , 11.369002152144 , 2.68698387717708
684 , 11.3693361793127 , 2.74503658823423
685 , 11.378875463901 , 17.6884905538536
686 , 11.3949797933672 , 5.57876286176358
687 , 11.4158625441383 , 47.7819569808691
688 , 11.4044933689618 , -9.86070935506347
689 , 11.4039758968552 , -13.895541866824
690 , 11.4157608140233 , -8.40635044695049
691 , 11.4570651594008 , 59.0893920034771
692 , 11.4418033247449 , 9.92183585405539
693 , 11.4569389547147 , -5.06963467368012
694 , 11.4856441761703 , 58.5123396976834
695 , 11.476235708709 , -11.7802360364275
696 , 11.4880055484434 , 9.03340905537158
697 , 11.4863631940213 , -1.69427550592046
698 , 11.4945867715097 , 9.046725673554
699 , 11.4953911756585 , 8.92339391422682
700 , 11.4979505786001 , 20.5166901201479
701 , 11.5272136121187 , 20.403558646385
702 , 11.5252776128658 , -4.98756378171148
703 , 11.54172164518 , -11.6650898254562
704 , 11.5433889426638 , -11.6150954830592
705 , 11.5599179638836 , 50.1756562538135
706 , 11.5635450462789 , -13.4031057919522
707 , 11.5727595215261 , 21.3137025626254
708 , 11.5773019230568 , 48.9956026025218
709 , 11.5815740832641 , 48.976978050846
710 , 11.5846716049352 , 25.8096895920672
711 , 11.5904480132115 , 48.8894546173435
712 , 11.5911727622206 , 49.0111188489562
713 , 11.5903109277483 , 16.7837759707616
714 , 11.6184702985623 , -9.91251717113602
715 , 11.6251758385633 , -8.44092642224488
716 , 11.6610660627605 , -0.271329684388226
717 , 11.6575268079368 , -10.6494836712775
718 , 11.6748519246811 , 8.80830377075808
719 , 11.682017634169 , 8.94356500862782
720 , 11.7163980414967 , 8.70101981669576
721 , 11.7181035470836 , -8.40577157507165
722 , 11.7223422405124 , 8.90822553838536
723 , 11.7260767545326 , -8.39744780914846
724 , 11.7364783566631 , 8.87626244252716
725 , 11.7349718846914 , -1.73414635263334
726 , 11.7397170068242 , 33.3258853867818
727 , 11.7515138627815 , 10.7170089784028
728 , 11.7574997812628 , -1.66723021951148
729 , 11.7654741761602 , 33.2688958371386
730 , 11.7699401499572 , 3.16616253086501
731 , 11.7656709481908 , 49.5031958202818
732 , 11.7768490762357 , 20.3722208883581
733 , 11.7764447902986 , -8.22139332639718
734 , 11.777833315216 , -8.33638891735349
735 , 11.8137610105755 , 13.1424007088378
736 , 11.8157576514406 , 12.6507487147775
737 , 11.8178398393319 , 12.6607462563547
738 , 11.8253224722054 , -4.74770722467687
739 , 11.8689369529746 , 23.7958949079651
740 , 11.8546370151422 , 55.2866447170457
741 , 11.8522953009863 , -4.90216231546712
742 , 11.860839976099 , 20.7329360711882
743 , 11.8996475950941 , -13.3300918220655
744 , 11.9115217807786 , 23.1258708677549
745 , 11.913528974486 , 0.0709067300630838
746 , 11.9366311993008 , 25.8218853213481
747 , 11.9614658346121 , -8.35730366022659
748 , 11.9675357896438 , 7.39500621573213
749 , 11.986359073905 , 42.66596412017
750 , 11.9913805053869 , 42.6554035169931
751 , 11.9914903411913 , 42.5026274814416
752 , 11.997761786615 , 42.4995653601753
753 , 11.9970251295345 , -0.58963817497738
754 , 11.9999964563279 , -1.72041674559625
755 , 12.029722176814 , 14.0374968126553
756 , 12.0595187578267 , 4.77872111143541
757 , 12.0775400798603 , 52.5230434325006
758 , 12.0803143952875 , 62.4380707315083
759 , 12.0960336854029 , 20.1930965257892
760 , 12.1084305515819 , -29.3571466925651
761 , 12.1083846699084 , -12.7381295254967
762 , 12.146728327942 , 25.689305331762
763 , 12.1476448254185 , 25.7448587479855
764 , 12.1808360343633 , -29.8011986966829
765 , 12.1858605492995 , 16.0652113393968
766 , 12.1917349795527 , -12.7200036924406
767 , 12.1942008972277 , 12.0376066839404
768 , 12.2066135352932 , 12.0765007167898
769 , 12.2190263310146 , 12.0567872826815
770 , 12.2274508215501 , -4.61848288745118
771 , 12.2637039631975 , 13.1178858417299
772 , 12.2644139232027 , 23.8919049410069
773 , 12.3123084204657 , 6.07326763551242
774 , 12.3243848329754 , -6.83128940553444
775 , 12.3249082101457 , 12.8465687355736
776 , 12.3275401512353 , 8.79065142765473
777 , 12.3331879162008 , 28.2423678821015
778 , 12.3314877965401 , 55.9324548901779
779 , 12.3373718428954 , 29.8156569617509
780 , 12.3428617203787 , 25.7049613764667
781 , 12.3443076295605 , 14.8948326847674
782 , 12.3703281991593 , 5.70030799042062
783 , 12.3707937185015 , 15.67816248493
784 , 12.3851506900833 , -4.71825912133392
785 , 12.3941126567313 , -13.2880009928371
786 , 12.3965855184225 , -13.2691084936024
787 , 12.4336563213742 , 16.0571229765177
788 , 12.4452901071409 , 16.114638486301
789 , 12.4490789130149 , 7.3942356189807
790 , 12.4532045096207 , 8.96971729954338
791 , 12.4597606405704 , 22.5732779546577
792 , 12.4624216486889 , 16.2585496619036
793 , 12.4781954338409 , 9.38668580044912
794 , 12.4790334995195 , 12.0276661980007
795 , 12.4852700653662 , 23.2385696245681
796 , 12.5006006859986 , 16.3383344962097
797 , 12.5418469429548 , 15.0573627046411
798 , 12.5525344585581 , 15.3495918046805
799 , 12.5740495054594 , -7.43962912258416
800 , 12.5756937132161 , 15.2882559141938
801 , 12.5719213351505 , 52.1874390544792
802 , 12.6078225381061 , 74.2348188658749
803 , 12.6700599342615 , 16.5228639687761
804 , 12.6978879857269 , -5.07387301991559
805 , 12.7003075094996 , 13.6639215559966
806 , 12.7126865130175 , -17.4135478942886
807 , 12.7137987559597 , -17.4674288653045
808 , 12.7084169239261 , 19.8664170188415
809 , 12.7123579824108 , 11.6885040806253
810 , 12.712374196707 , 12.5309596193148
811 , 12.7566363176359 , -10.262225420922
812 , 12.7576319395587 , -4.49899622699665
813 , 12.7630407544581 , 22.9697617220135
814 , 12.7696877307936 , -8.15593482879085
815 , 12.782863243876 , 11.8112088118009
816 , 12.7894462653245 , 9.78578682098141
817 , 12.7923623723753 , 9.79246294396051
818 , 12.7886400626447 , 29.6690021915297
819 , 12.7791023267853 , 30.6661627478552
820 , 12.7794082667872 , 30.6561645768553
821 , 12.800214172431 , 29.7215339668133
822 , 12.8055948396861 , 30.0115383678824
823 , 12.8083089244665 , 27.1266611121891
824 , 12.8385801927342 , -4.64398039824293
825 , 12.8488160406229 , -5.42722318612007
826 , 12.8650896463373 , 30.9930726723634
827 , 12.8750962282719 , 16.2176651714108
828 , 12.8812265038367 , -8.19663152736542
829 , 12.8846145300661 , -15.5813709968484
830 , 12.8635378330409 , 53.6291896216044
831 , 12.8884936494093 , 26.40528042398
832 , 12.909342572432 , 26.3786858557058
833 , 12.9541509052043 , -6.79698782258061
834 , 12.948070470809 , 26.2938266321101
835 , 12.9574786906735 , 26.4213544662199
836 , 12.94002671816 , 63.5452160713848
837 , 12.968305140001 , 26.445560243594
838 , 12.9801049660314 , 26.3606081024237
839 , 12.9803749192966 , 28.0608136035744
840 , 12.9882145489026 , 10.5520205881279
841 , 13.0061027747181 , 21.748146304105
842 , 13.0204956045754 , 28.9531516269638
843 , 13.0354829103113 , 29.0651492386031
844 , 13.0658547479878 , -30.5821976710053
845 , 13.0977653856473 , 12.0529555593002
846 , 13.098776556918 , 23.0306893075114
847 , 13.1008564501521 , 53.6197247820557
848 , 13.1268107634982 , 15.9423030420763
849 , 13.1375066687542 , -1.00572723270342
850 , 13.1406995907528 , -0.931272365316676
851 , 13.1524353280514 , 20.9854769862294
852 , 13.1350190122079 , 60.0920297791698
853 , 13.1534598131983 , 52.7088378562602
854 , 13.1733671263818 , 24.5128947054293
855 , 13.1870846831829 , -4.54800269066265
856 , 13.1878200322244 , 20.4726147966181
857 , 13.2402422473532 , 17.0119527613384
858 , 13.2573981744273 , 17.1634203275227
859 , 13.2588692946405 , 17.1620379716879
860 , 13.2604282981921 , 24.5541446127667
861 , 13.261256648746 , 34.2637120941277
862 , 13.2805110220322 , 19.9836562171433
863 , 13.2972291885511 , -17.3158686641073
864 , 13.2952094851605 , 20.628697111623
865 , 13.3033699903105 , -5.895330283538
866 , 13.2975133809702 , 20.6275975708407
867 , 13.2983476957136 , 20.5737164119017
868 , 13.3007924157125 , 20.5484520580133
869 , 13.3015397534911 , 20.6165082189194
870 , 13.3014035325422 , 20.5359567012487
871 , 13.3095597651889 , 4.34146088552844
872 , 13.3150662802599 , 6.27330302070609
873 , 13.314446104285 , 4.40231717581295
874 , 13.3276451829754 , -27.6884679158099
875 , 13.2934646419388 , 57.4749650580903
876 , 13.319555593379 , 4.42345488678226
877 , 13.3265706383529 , 6.02060592700462
878 , 13.3262366023254 , 6.05199090890791
879 , 13.3386992754709 , -27.4892499899171
880 , 13.3278749393147 , 6.03977866421891
881 , 13.3419555777029 , 15.7870034306903
882 , 13.3449257068241 , 15.8347957090348
883 , 13.3523007539299 , 34.0744591261008
884 , 13.3756173329124 , -12.7893735408283
885 , 13.384760418007 , 21.2533121445222
886 , 13.409445544844 , -4.45620685066
887 , 13.4137274380134 , -12.5274945754792
888 , 13.4239558793144 , 13.6753775961061
889 , 13.4534711242942 , 11.8076174803396
890 , 13.484238373249 , -16.1520300334222
891 , 13.5099783126936 , 0.244619055272148
892 , 13.5395082769505 , -2.77329245057247
893 , 13.5399497249121 , -2.67218623856401
894 , 13.5441776285795 , 16.987289059627
895 , 13.5469463340254 , 35.5827227645396
896 , 13.579365148197 , 4.80778783676423
897 , 13.5815262065318 , 17.786088896499
898 , 13.5789467378258 , 13.2183090857468
899 , 13.593448734808 , -8.15111621854254
900 , 13.5883415281974 , 9.27558349394106
901 , 13.6047705167731 , 13.2687527995748
902 , 13.6084216663708 , 49.8973654710493
903 , 13.6506224410797 , -0.287732516876436
904 , 13.6522923848957 , 0.480275352269215
905 , 13.6767215677605 , 23.0816774557591
906 , 13.6787133757459 , 23.279179613935
907 , 13.66424251631 , 50.9885258458087
908 , 13.6987780184252 , -4.40400956986752
909 , 13.6901110910008 , 24.4114159410169
910 , 13.6947626505424 , 23.2198491576412
911 , 13.6996226028025 , 23.1865496409897
912 , 13.7006503411723 , 23.1837803832416
913 , 13.7008470452306 , 23.1054525377992
914 , 13.7038726981858 , 23.1285273007242
915 , 13.7348652293608 , -17.3904388921365
916 , 13.719789211166 , 24.4041189292532
917 , 13.716236002171 , 55.5740575231588
918 , 13.7182624030979 , 55.5571288748575
919 , 13.7231728271054 , 55.5407725815622
920 , 13.767310618245 , -12.6325430982667
921 , 13.7263853173739 , 55.5880136980982
922 , 13.7281372653115 , 55.5402488892688
923 , 13.7286625542647 , 55.5527514398223
924 , 13.7709187147679 , -12.5136368814811
925 , 13.7296352271295 , 55.5352592321823
926 , 13.7350675095199 , 55.568629683879
927 , 13.7749749018626 , -12.5222163981315
928 , 13.736675702173 , 55.5711402411583
929 , 13.7368409286852 , 55.5836404026446
930 , 13.738698458992 , 55.5936520747945
931 , 13.7378413797381 , 55.56086875827
932 , 13.7384220501379 , 55.5839275977063
933 , 13.7637296322941 , 23.1581112751906
934 , 13.7416658652707 , 55.5872824112273
935 , 13.7423074339687 , 55.552009323786
936 , 13.7416658652707 , 55.5872824112273
937 , 13.7488506721852 , 55.5670555952958
938 , 13.7494891861204 , 55.5645600864836
939 , 13.8051831806515 , 3.35255215112735
940 , 13.8093194987261 , 3.39091378212321
941 , 13.8190585107341 , 23.9548527697377
942 , 13.8020006068373 , 56.5599030064844
943 , 13.8521285090808 , 3.13514961769144
944 , 13.8680758785444 , 14.0319671771113
945 , 13.7899500656732 , 72.0078403070811
946 , 13.8784598104469 , 14.0567678659531
947 , 13.8865957732245 , 0.759495442953164
948 , 13.8835707544129 , 14.0315313197894
949 , 13.8805027782551 , 22.4617904011079
950 , 13.8835561433025 , 14.4320590394135
951 , 13.8707720776539 , 50.9163331317592
952 , 13.9048648942162 , 3.31888151529559
953 , 13.926935154027 , -30.4113864156233
954 , 13.8369654540704 , 71.1028843122645
955 , 13.9400196910183 , -30.317396445232
956 , 13.9204160014655 , 20.6599869597749
957 , 13.9467444165225 , -30.2934529664346
958 , 13.9414946704257 , 4.97487818973626
959 , 13.9437668276793 , 13.4473217922608
960 , 13.9424217644691 , 17.4400920351043
961 , 13.9386407804607 , 25.7800976281693
962 , 13.9632332981124 , 11.9625837862547
963 , 13.9663042986085 , 17.3491767777228
964 , 13.9707992345493 , 17.4500383746652
965 , 13.9725206009793 , 17.4519969464446
966 , 13.9803627800046 , 5.34933156394085
967 , 13.9824963209343 , 14.3986771519521
968 , 14.0202502040029 , -2.96577376445978
969 , 14.0396319260523 , -4.23661331359507
970 , 14.0522464705804 , 14.4942440979528
971 , 14.0750322978284 , -10.1957936453125
972 , 14.0845776181578 , -17.2828581602946
973 , 14.1183206727178 , -5.53776233053323
974 , 14.1196542338843 , -5.54524985911007
975 , 14.1284954182829 , 15.2609501121506
976 , 14.1553983189181 , -1.21835697235877
977 , 14.1551382817806 , -3.05848082351852
978 , 14.1595538321031 , -3.02955479183329
979 , 14.1683630416897 , 14.7743883646756
980 , 14.1831474792791 , -7.39729666146835
981 , 14.1846017683706 , -4.22755931560672
982 , 14.1756553767891 , 17.6392498584453
983 , 14.1771257637567 , 17.6770379723296
984 , 14.1780143004394 , 18.3067253633607
985 , 14.2026180326731 , -3.27525506238366
986 , 14.2005469117403 , 1.23101086257751
987 , 14.2013859490441 , 19.1146544754906
988 , 14.2520737764716 , 3.13521381913276
989 , 14.2574085256354 , 3.07554580943261
990 , 14.2716830965328 , 39.7405170722028
991 , 14.3074127419016 , -13.9266594922101
992 , 14.314051185196 , 0.835709251424328
993 , 14.3146671216242 , 11.1607114083818
994 , 14.3157514688415 , 11.1396119588269
995 , 14.2816508114597 , 57.7517437397631
996 , 14.2957085821548 , 57.5718759179072
997 , 14.3432773348509 , -4.50632638801998
998 , 14.3488873743682 , -4.47016457514023
999 , 14.3349194258669 , 17.8198537266302
1000 , 14.337030556971 , 17.7990429815725
1001 , 14.3540751122726 , 5.37293460823822
1002 , 14.354821983939 , 5.43099276675976
1003 , 14.3568516560945 , 5.38657143057956
1004 , 14.3563378140455 , 17.6070152962802
1005 , 14.3080529963221 , 71.5252636580786
1006 , 14.3919411438814 , 23.7388836647248
1007 , 14.4199349847484 , 4.50531334129224
1008 , 14.4038061300969 , 28.291213867097
1009 , 14.4476078511925 , 12.2988488799692
1010 , 14.465585488559 , 0.972455382052034
1011 , 14.4778074728413 , 0.953691029828772
1012 , 14.4610960574369 , 30.8927307302752
1013 , 14.4728489190538 , 25.7834262372893
1014 , 14.4811698061204 , 13.72629429051
1015 , 14.4812315702099 , 15.3658932498658
1016 , 14.468721314836 , 4.76771985846532
1017 , 14.4774001841737 , 25.8131924693876
1018 , 14.4789295890626 , 25.7748755233696
1019 , 14.4790898149905 , 25.8920928582002
1020 , 14.4891074705411 , 25.9777414177219
1021 , 14.4970517465698 , 20.6003966777028
1022 , 14.5103179625292 , 3.71961700657658
1023 , 14.5521930440701 , -35.8527056930508
1024 , 14.53398831902 , 2.95492363774145
1025 , 14.5341911139106 , 7.00986283160792
1026 , 14.5112700030902 , 31.16015407846
1027 , 14.5032708731851 , 53.909443668194
1028 , 14.5622045731839 , 41.5957008260094
1029 , 14.547793900361 , 49.8488765622737
1030 , 14.5523827000171 , 31.6155400245946
1031 , 14.580366367658 , 47.9828701022881
1032 , 14.5845906279977 , 47.9134690291646
1033 , 14.5853423826725 , 47.882646149624
1034 , 14.6296916961913 , 14.6130246455059
1035 , 14.6456706018019 , 9.2844472112055
1036 , 14.6487048513145 , 18.0585222599954
1037 , 14.6494229741855 , 18.1315801894671
1038 , 14.6669835851736 , 11.8766873231364
1039 , 14.6845861655982 , 3.38202607446311
1040 , 14.6824052837793 , 9.4256604136309
1041 , 14.6869772722313 , 3.32594561649811
1042 , 14.687195003843 , 3.4184399371362
1043 , 14.6884780034442 , 3.32346194920511
1044 , 14.7008474920934 , 9.3800292207765
1045 , 14.6767014635584 , 42.7251622137084
1046 , 14.6345580111206 , 68.9594896621968
1047 , 14.714484009493 , 19.1396983492332
1048 , 14.7257874095157 , 4.83984702624644
1049 , 14.6641110177228 , 61.9484302053681
1050 , 14.7443135123523 , 17.9614963498512
1051 , 14.7455084713554 , 18.9686578099494
1052 , 14.7461717385871 , 20.5627164533017
1053 , 14.7710831755727 , 16.8954790886136
1054 , 14.7852064872793 , 1.22526090182419
1055 , 14.8010774520028 , -13.7645632117335
1056 , 14.7701462353508 , 50.3400533959886
1057 , 14.7701462353508 , 50.3400533959886
1058 , 14.829141974248 , 16.9705595151271
1059 , 14.8551138320852 , -0.924315995577857
1060 , 14.8734375587873 , -7.2801871626849
1061 , 14.8628674519964 , 18.7069188959458
1062 , 14.8638436108418 , 18.6369358705885
1063 , 14.8793842748066 , 4.63213381723111
1064 , 14.8793842748066 , 4.63213381723111
1065 , 14.8269471461155 , 63.217928209663
1066 , 14.8938700358453 , 3.24714281836322
1067 , 14.8945347534338 , 3.28270271093749
1068 , 14.9022129021943 , 3.0289244028754
1069 , 14.8521880552194 , 54.3591749590476
1070 , 14.9073030282745 , 3.43644698099399
1071 , 14.9131256413573 , 4.70168079938387
1072 , 14.9133148651627 , 4.79334168311077
1073 , 14.9136788141434 , 4.74557243388788
1074 , 14.8722543198145 , 51.2128104250827
1075 , 14.9226325665493 , 18.0559796847785
1076 , 14.9254685621492 , 17.9876847000272
1077 , 14.9669650041517 , -19.2607276529009
1078 , 14.9508221606535 , 9.30533474886711
1079 , 14.9527934673372 , 9.32063378092311
1080 , 14.9768562150259 , -6.76986585184613
1081 , 14.9929158636832 , -19.2848607758021
1082 , 14.9907718502419 , 6.95961117956204
1083 , 14.9286007049273 , 68.3568162674884
1084 , 15.0310912863259 , -7.5219289952011
1085 , 15.0543295722431 , 17.2048057253534
1086 , 15.0670556533213 , 17.066911002097
1087 , 15.1218681543345 , 3.73090620657842
1088 , 15.1229226654094 , 3.74619553574223
1089 , 15.1333779435468 , 7.07075312193354
1090 , 15.1013376092961 , 42.6402031304283
1091 , 15.1475755805094 , -11.1851635487376
1092 , 15.1360592605766 , 9.31226062654219
1093 , 15.1357102575323 , 14.5015502461919
1094 , 15.137482806676 , 14.5812891164462
1095 , 15.1522004674311 , 13.623489332101
1096 , 15.1481815307179 , 19.1446755743701
1097 , 15.1508475252773 , 19.1372090619128
1098 , 15.1125274191 , 55.5518607972254
1099 , 15.1204735093268 , 56.459156268787
1100 , 15.1096549590103 , 62.9308742364875
1101 , 15.1918323549372 , 5.69992396198343
1102 , 15.194356741832 , 4.24841703252118
1103 , 15.2020776827707 , 19.1617241209877
1104 , 15.2239839459407 , -5.09951961275782
1105 , 15.2301574131451 , 4.24302952568815
1106 , 15.2419099944117 , 4.66536117204592
1107 , 15.2454645391216 , 4.66984963930913
1108 , 15.2937800294414 , -45.6883431935064
1109 , 15.2940099062237 , 5.21235825001903
1110 , 15.2038900114706 , 67.3136567510574
1111 , 15.1642794267261 , 54.4575051721729
1112 , 15.3059789218984 , 7.17428153815673
1113 , 15.3133641077634 , 12.4439271216564
1114 , 15.1868604365018 , 75.4243438194571
1115 , 15.3820836966064 , -4.5167269713604
1116 , 15.3747295544776 , 8.38033502780541
1117 , 15.4152937856581 , 15.4455482920014
1118 , 15.4255838794051 , 13.402236449307
1119 , 15.4391741440902 , -3.70022684670049
1120 , 15.4450971772397 , 18.8284491739062
1121 , 15.4716953383809 , 6.76229580228099
1122 , 15.4991411244123 , 7.57564236673133
1123 , 15.4884504334893 , 42.8539388283627
1124 , 15.508641624915 , 23.5953219563099
1125 , 15.5615454566179 , -1.6685161003917
1126 , 15.5931173910627 , 4.95046590336118
1127 , 15.5909251962435 , 23.4605960690186
1128 , 15.6412970267233 , -1.77381516342377
1129 , 15.5349627346377 , 68.2023196830453
1130 , 15.6376701036741 , 17.2036440268197
1131 , 15.656777813241 , 12.0409912628703
1132 , 15.6770649884832 , 20.6397502480396
1133 , 15.6955417526661 , 15.5334569695993
1134 , 15.7583201156483 , 16.9236592432763
1135 , 15.7683521238833 , 17.6609624190386
1136 , 15.8028006291989 , -1.58159724226389
1137 , 15.8259659133557 , 8.54586040323713
1138 , 15.8124698897618 , 26.1670650510906
1139 , 15.4749065458004 , 82.5395667278074
1140 , 15.8322893140882 , 19.0761938909243
1141 , 15.838771480581 , 12.3615478924287
1142 , 15.8491855141871 , 18.1020636279467
1143 , 15.5001391970217 , 82.4118333319799
1144 , 15.8624232870784 , 43.3790232444505
1145 , 15.7343799440756 , 72.3892074897759
1146 , 15.8064688315807 , 69.3454641158245
1147 , 15.8367405498773 , 69.5197802044503
1148 , 15.9605644052913 , 22.3683300506039
1149 , 15.9778996179962 , 12.0341181618134
1150 , 15.9804467294349 , 15.8307861770107
1151 , 15.9843079277197 , 17.4048840196423
1152 , 15.9510806034771 , 48.0564920395378
1153 , 15.9565935879613 , 48.1304577752085
1154 , 15.8742879920055 , 70.3358741034679
1155 , 16.0186985424371 , 15.6505226885063
1156 , 16.0188551893233 , 19.6882637589994
1157 , 16.0244036571063 , 15.4914512291266
1158 , 16.0358762822556 , 1.67365601695742
1159 , 16.025882411234 , 15.3845377157001
1160 , 16.0261830853066 , 15.4598132286021
1161 , 16.0300875540479 , 15.6106923988849
1162 , 16.0298331840931 , 17.6421923629758
1163 , 16.033957778664 , 15.4693701785724
1164 , 15.9169190723782 , 70.5475908315432
1165 , 16.0443036079334 , 15.6614510196711
1166 , 16.0437858535377 , 26.2892613107767
1167 , 16.0735146419562 , 14.9116617538072
1168 , 16.074267875052 , 14.8686205003274
1169 , 16.0792922401328 , 13.7098999329031
1170 , 16.0840651066088 , 17.686871492458
1171 , 16.089684013863 , 17.9444337673084
1172 , 16.0918313933184 , 17.8358635891267
1173 , 16.0954999449058 , 17.3881740491687
1174 , 16.099614137317 , 14.9912041666439
1175 , 16.0982233824502 , 18.128712565944
1176 , 16.1005722524893 , 17.9284845632165
1177 , 16.0973237550888 , 18.2809101901629
1178 , 16.1011245300475 , 17.5676871927615
1179 , 16.0984748663287 , 17.7229135094758
1180 , 16.1002528317009 , 18.1151326541434
1181 , 16.1013764135465 , 17.5593587267766
1182 , 16.1021388517218 , 17.7685195604973
1183 , 16.1025292478975 , 17.7332501485252
1184 , 16.1038605756632 , 17.754935135969
1185 , 16.1043373792944 , 17.6830037103256
1186 , 16.1042518678717 , 17.3280312691176
1187 , 15.9855274136691 , 70.5194143381217
1188 , 16.1106598389261 , 17.4261722245942
1189 , 16.1126360825284 , 18.1483673413252
1190 , 16.1064678090364 , 18.1863295051557
1191 , 16.1166011503247 , 18.2348090849535
1192 , 16.1177749522112 , 17.742085515471
1193 , 16.1175573029763 , 17.6798658611442
1194 , 16.1193567854806 , 17.7493312368987
1195 , 16.119982132273 , 17.157998462996
1196 , 16.1419813211338 , 10.7469059339402
1197 , 16.1474503622171 , 7.50643548407494
1198 , 16.1524003815582 , 12.2974854805153
1199 , 16.18535788435 , 10.0076139370066
1200 , 16.0743652682919 , 69.6293202343509
1201 , 16.0945921737261 , 69.5573957648995
1202 , 16.2249173414196 , 9.835997482072
1203 , 16.2658150508222 , -22.3697628458158
1204 , 16.1204171861597 , 69.8955528606302
1205 , 16.2468800582592 , 9.50607825964314
1206 , 16.2626452239268 , 11.2658873377788
1207 , 16.3360425068078 , -29.6757607727297
1208 , 16.2702297238525 , 36.4945039864717
1209 , 16.3196909969128 , 15.5280650920954
1210 , 16.2440866219896 , 62.5018730154342
1211 , 16.285762120482 , 52.9726785385979
1212 , 16.2603618430974 , 64.1912727695282
1213 , 16.3793898794125 , -1.5425831446492
1214 , 16.2709908352103 , 65.9347562299244
1215 , 16.2598060157778 , 68.3631953410605
1216 , 16.2654602011512 , 68.3155038295486
1217 , 16.2660641237688 , 69.6494053062203
1218 , 16.2771807226713 , 68.169296955021
1219 , 16.4160130082402 , 19.453953116213
1220 , 16.5031355992869 , 8.42314141027183
1221 , 16.5837652645066 , 46.3630663293434
1222 , 16.5914260163103 , 46.1851377857322
1223 , 16.6002300909069 , 49.1926739528979
1224 , 16.7239554502901 , 19.2301807330545
1225 , 16.6145072261616 , 67.600651560812
1226 , 16.6907084593292 , 45.977001957947
1227 , 16.6719880846192 , 58.5896946813496
1228 , 16.7025784896811 , 65.5584476151695
1229 , 16.7543024337086 , 51.2820132259847
1230 , 16.755061176654 , 51.2339696148255
1231 , 16.7861708845477 , 58.3970854557085
1232 , 16.8238233196933 , 46.0585857846965
1233 , 16.8083049764896 , 63.1079448377454
1234 , 16.8841302086813 , 56.8542625534635
1235 , 16.8691196878019 , 63.0917162840614
1236 , 16.9831407705393 , 20.0201321460085
1237 , 16.9415530588464 , 55.0038524199896
1238 , 17.0163797063149 , 23.0562929457234
1239 , 17.0204651109021 , 23.0241405685009
1240 , 17.020496263966 , 61.0281123623936
1241 , 17.0257269510437 , 63.6692889865454
1242 , 17.1546716330858 , 4.03310229371286
1243 , 17.1823915731719 , 10.7504963176023
1244 , 17.1826241726359 , 36.2854673852774
1245 , 17.2166360817732 , 38.0023391942801
1246 , 17.2449364898945 , 20.2205344068383
1247 , 17.2830982727039 , -12.8046597275935
1248 , 17.1967890279996 , 59.9760655618035
1249 , 17.2552746592347 , 35.5033847740263
1250 , 17.2444488509254 , 57.3991208119046
1251 , 17.1665691130569 , 72.3902830738081
1252 , 17.2669517250974 , 57.3492236127635
1253 , 17.3402689833952 , 16.6459892413051
1254 , 17.1888840245473 , 72.3825984114632
1255 , 17.3935756999271 , 12.6827310181999
1256 , 17.404049895604 , 26.4722218177186
1257 , 17.4625474946963 , -7.10417652257699
1258 , 17.4574520078841 , 58.4707722988461
1259 , 17.4594696249715 , 58.5021978527117
1260 , 17.4614525115856 , 58.461954584032
1261 , 17.3860819222393 , 71.2481513439625
1262 , 17.5561207093182 , 43.7472693796241
1263 , 17.5575010787416 , 43.8092370483086
1264 , 17.5602495145668 , 43.6165122948999
1265 , 17.6167035487774 , 42.0775343770234
1266 , 17.7738775616379 , -46.0905754665015
1267 , 17.6484293145937 , 59.3612562173383
1268 , 17.8525489672359 , 17.2040145602489
1269 , 17.8762589439076 , 21.5630197099625
1270 , 17.8005150855004 , 62.2152535503262
1271 , 18.0984978578257 , -24.4090632432997
1272 , 18.0866185666109 , 25.0897289347025
1273 , 18.091779749297 , 25.1314805927034
1274 , 18.1753668743234 , -23.6389769773178
1275 , 18.1753668743234 , -23.6389769773178
1276 , 18.1895271917287 , -7.20957050681697
1277 , 18.1812828350322 , 31.0021469843989
1278 , 18.18532359363 , 31.1486006586344
1279 , 18.1940934059543 , 36.0063099376486
1280 , 18.2126402724497 , 25.6624048234776
1281 , 18.2003998054903 , 35.9966960771256
1282 , 18.2427705198797 , 21.1020665136583
1283 , 18.2991081820878 , -19.7578254481484
1284 , 18.3054329747531 , -19.6674509641333
1285 , 18.2769928439825 , 25.1029788763974
1286 , 18.2739123329086 , 55.5896515331938
1287 , 18.5170736161803 , -10.7927459457402
1288 , 18.4956028102144 , 39.717746359836
1289 , 18.5065990318852 , 39.968758881669
1290 , 18.6545640468927 , -24.0858401266511
1291 , 18.5691271046981 , 49.2834830485169
1292 , 18.7562914102914 , -27.8025236477764
1293 , 18.6969859268199 , 56.3242031914814
1294 , 18.836807483279 , 40.2538447654503
1295 , 18.9205215533849 , -8.81270038352708
1296 , 18.8953769617421 , 33.077293215563
1297 , 19.3026344840317 , -39.5906387892275
1298 , 19.3194944187766 , -1.57652966542968
1299 , 19.3846786543898 , 20.7694630328702
1300 , 19.4047959439194 , 53.6431680148202
1301 , 19.4468209041673 , 50.1455500882619
1302 , 19.5212957835647 , 35.806166751443
1303 , 19.5316775639425 , 35.897166681771
1304 , 19.5977043609146 , 41.0556245290014
1305 , 19.6630824637541 , 20.240566413224
1306 , 19.701471425696 , 37.6745664574025
1307 , 19.7208179869323 , 27.5245602542641
1308 , 19.7619644169256 , -14.6942698488403
1309 , 20.0610212196302 , -17.2009365545571
1310 , 20.1735806497548 , 34.9979833140366
1311 , 20.1862527060778 , 41.2047733119121
1312 , 20.2908611757037 , 18.05337232942
1313 , 20.3226657049279 , -16.9109664762321
1314 , 20.3028078038111 , 25.2167092057334
1315 , 20.296713489165 , 30.7212469312221
1316 , 20.3829313943992 , 6.5366752820766
1317 , 20.3970946925899 , 0.700128619937855
1318 , 20.3764489107896 , 40.2909126607077
1319 , 20.44429216589 , -18.4673400625683
1320 , 20.4497911208269 , 2.94548691475828
1321 , 20.480323429142 , -18.2546577536768
1322 , 20.5127348556932 , -15.1902023465001
1323 , 20.5186466037479 , -15.144850379243
1324 , 20.5467434621308 , -9.01778981613142
1325 , 20.5561480502174 , 9.96476157695615
1326 , 20.5585667051768 , 9.91118442697743
1327 , 20.6042939208536 , 0.032915323206141
1328 , 20.7097896864179 , -19.5928099967048
1329 , 20.7369033305269 , 15.6256344416666
1330 , 20.7810488586582 , -13.9818703920772
1331 , 20.8069264024182 , -9.95447096348306
1332 , 20.8744827064027 , -13.6690847536422
1333 , 20.8817942992605 , -16.2436315441031
1334 , 20.8817942992605 , -16.2436315441031
1335 , 20.895375762677 , -16.2926359651183
1336 , 20.9285208574367 , -17.9957989010645
1337 , 20.9583191190477 , -16.5418892347416
1338 , 20.9597305741285 , -16.4490980025332
1339 , 20.9758636160971 , -17.8988626083542
1340 , 20.9442358946661 , 31.1087033207538
1341 , 21.0148282275712 , -13.9321507009269
1342 , 21.0173275441329 , -14.451272994916
1343 , 21.0271538679802 , -15.3597437846152
1344 , 21.0314307394273 , -13.3364219589892
1345 , 21.0329867839276 , -13.353348439294
1346 , 21.0371835777932 , -13.9163386872014
1347 , 21.0391481381976 , -13.2688361081826
1348 , 21.0390394317958 , -13.3130026097696
1349 , 21.0408391003553 , -13.2210401232547
1350 , 21.0413714708418 , -13.8082386935449
1351 , 21.0413637747612 , -13.1574247328173
1352 , 21.0420674072927 , -13.3404671680695
1353 , 21.0424784029765 , -13.2285206779102
1354 , 21.0413714708418 , -13.8082386935449
1355 , 21.043028441229 , -13.1285173831848
1356 , 21.0583615023722 , -15.7677083095646
1357 , 21.1092481131661 , -10.6711669737933
1358 , 21.1185623330301 , -16.1586869601434
1359 , 21.1541007178011 , 12.5286245100767
1360 , 21.1898554291499 , 5.11691459854382
1361 , 21.2006340102464 , 5.10009326123001
1362 , 21.2072999704075 , 2.37493437578945
1363 , 21.1829035698456 , 46.8951170048537
1364 , 21.2328341970629 , 2.81604802361208
1365 , 21.2415672178222 , 2.61114904932183
1366 , 21.2449122825321 , 1.82258786630635
1367 , 21.2453234726035 , 3.04035101259758
1368 , 21.2461982878273 , 2.22426236626441
1369 , 21.2086515586817 , 47.8121119297139
1370 , 21.2633352534827 , 2.23834188864577
1371 , 21.3473689980224 , -4.82896043798856
1372 , 21.3478208070816 , -5.55755346093334
1373 , 21.3530562320783 , 1.1401730175061
1374 , 21.3601099055136 , 1.76079610227226
1375 , 21.3591954895038 , 4.03297964084148
1376 , 21.4214042106042 , -5.70205546758185
1377 , 21.4333774933656 , 4.36210337345256
1378 , 21.3902687797363 , 55.4977676613748
1379 , 21.4429628899469 , 3.1452727730138
1380 , 21.4623716782991 , 2.76631353212496
1381 , 21.4688577260687 , -1.1396858254443
1382 , 21.4585557168212 , 18.6981346184958
1383 , 21.470491161231 , -1.05383664223124
1384 , 21.4742534920011 , -1.32018342013037
1385 , 21.4903786218458 , -1.02113242853216
1386 , 21.5041751607827 , -21.1464743014682
1387 , 21.5024194567463 , -1.30183915620516
1388 , 21.5073025806096 , -0.582075435062456
1389 , 21.5458408072913 , -17.9697492295409
1390 , 21.5498004147155 , -1.81274275582884
1391 , 21.5929352737635 , -0.461770776253347
1392 , 21.5999833492047 , 35.4483823596157
1393 , 21.6810304723665 , -22.3603404023374
1394 , 21.6790660178077 , 14.6840343414718
1395 , 21.70409812209 , 4.15567500347554
1396 , 21.6569500359777 , 57.550838764502
1397 , 21.7436136696254 , -4.83334422694383
1398 , 21.7733448677303 , 9.52688751512203
1399 , 21.778395392926 , 4.45415757409114
1400 , 21.7427310997873 , 53.0016345383802
1401 , 21.792590620219 , 1.76290643539659
1402 , 21.7543703666309 , 53.3184327008612
1403 , 21.8509638101776 , -2.66349232157888
1404 , 21.8588055141319 , -9.21393935063711
1405 , 21.8565522499979 , 2.07348996810902
1406 , 21.8607192418144 , 2.03963870552954
1407 , 21.8824973660782 , 3.47900033857492
1408 , 21.8957947941559 , -13.2938626300393
1409 , 21.8985074741828 , -7.44721750532345
1410 , 21.9434928515867 , -2.84684905997626
1411 , 21.9429955741649 , -1.46379991389251
1412 , 21.9819241911411 , -17.1233907659642
1413 , 21.9832783943703 , -3.07151086628289
1414 , 21.9808073056482 , 8.47710685048569
1415 , 21.9879147158892 , 1.40352980803598
1416 , 21.9910784090914 , 1.50327903773389
1417 , 22.0159821865558 , -13.0934257028046
1418 , 22.0426087411679 , 4.43844608849965
1419 , 22.0594926092196 , -9.86670411434441
1420 , 22.0507748620439 , 19.8039421416408
1421 , 22.0609114927886 , -9.92391509790309
1422 , 22.0593708585464 , 2.6532995529508
1423 , 22.0628636658353 , 4.35194789546081
1424 , 22.0616287331843 , 11.2517105926214
1425 , 22.0661487001003 , 2.6491888471861
1426 , 22.0745725676874 , -9.8557518575612
1427 , 22.0686416365143 , 15.1612570270391
1428 , 22.0837318691965 , 2.68516662839922
1429 , 22.1265165174899 , 10.166962464587
1430 , 22.1348599034458 , -13.5263828565911
1431 , 22.1375780134274 , -13.4588631713173
1432 , 22.1770892071608 , 3.74480950688817
1433 , 22.2128127617757 , -12.7099721820595
1434 , 22.1816344868434 , 52.8892136452873
1435 , 22.2341331684545 , -22.041170064161
1436 , 22.2407207851656 , -10.1361591097679
1437 , 22.271870924246 , 2.12135283380076
1438 , 22.2848952829316 , -21.3752676380268
1439 , 22.2880069153068 , -21.4299679384456
1440 , 22.2858779173053 , -15.96083532973
1441 , 22.2632436603542 , 37.356950934444
1442 , 22.281639498356 , 54.1067839412022
1443 , 22.3278066178474 , -20.8841481038028
1444 , 22.3825853207612 , 5.19607867738293
1445 , 22.4350395095496 , -17.1870692391844
1446 , 22.4941150136014 , -1.12713872119802
1447 , 22.5095587431316 , -5.06236323388538
1448 , 22.5853743269028 , -12.8761400723542
1449 , 22.5949829732974 , -8.70799224236354
1450 , 22.6411413284958 , 34.5946889512424
1451 , 22.7784382972151 , -10.3117296194199
1452 , 22.7756522151993 , 10.9270162064173
1453 , 22.791562939574 , -13.3908688863466
1454 , 22.7060043019401 , 80.5041333200593
1455 , 22.9055590370744 , 1.43189809747768
1456 , 22.9314599772684 , -12.6727071887357
1457 , 22.932925576742 , -5.49757204924308
1458 , 22.9544598204083 , -7.32028975526974
1459 , 22.9631388148199 , -36.403307591687
1460 , 22.9604938923294 , 4.73724354626742
1461 , 22.9853255668894 , 15.2335137661212
1462 , 22.9859478550994 , 8.47024625786882
1463 , 22.9988764457962 , -10.4712710350331
1464 , 23.062699213094 , -8.92876067547207
1465 , 23.0573464917514 , 16.643065839501
1466 , 23.070364990505 , -2.71553065221676
1467 , 23.089983337841 , -3.17101963235454
1468 , 23.0949004603665 , -3.1451664158336
1469 , 23.1176276833143 , -13.4764246983947
1470 , 23.0935764551708 , 60.304801602404
1471 , 23.1555220604836 , -12.5790517890646
1472 , 23.1610081998666 , 17.3207602285987
1473 , 23.1936956865577 , 29.7047371674256
1474 , 23.2236456259259 , 5.86669589575373
1475 , 23.2437902580243 , -28.3606968503735
1476 , 23.2467914253532 , 30.6138857302511
1477 , 23.2962490295398 , -6.85096192853799
1478 , 23.31320283272 , 10.3591107412912
1479 , 23.322486146576 , -10.3379254811838
1480 , 23.325830580269 , 11.4033586588191
1481 , 23.333021346718 , 5.9670642609082
1482 , 23.3565245986096 , 1.80059735003758
1483 , 23.385177510329 , 11.3910444524738
1484 , 23.3870951513927 , 11.4466075015686
1485 , 23.3894017785911 , 11.4349470947755
1486 , 23.407761327767 , 9.72993202154022
1487 , 23.4148904979204 , 14.7087707651486
1488 , 23.4366662631664 , 15.4158095443873
1489 , 23.4518734909791 , -12.4554403756637
1490 , 23.4945369800913 , -4.0720331511881
1491 , 23.499787732834 , -16.2551665109572
1492 , 23.5195242876449 , -2.97805284462649
1493 , 23.5180388165092 , 14.5059853303094
1494 , 23.5224174108321 , -12.6630819639016
1495 , 23.5228118729196 , -13.4242140059677
1496 , 23.5243571671527 , -2.87248359186378
1497 , 23.4915313278064 , 12.0585888469391
1498 , 23.5410699227698 , -4.94502306187933
1499 , 23.5421137888141 , -13.3783448432092
1500 , 23.5620966554123 , 4.61427115563184
1501 , 23.587330310027 , -3.09209212961808
1502 , 23.6123504880509 , 75.712893321419
1503 , 23.6503558072476 , 4.86333689135289
1504 , 23.698255260686 , 4.08032288565186
1505 , 23.7031356938105 , -3.50304148041715
1506 , 23.7562311929193 , 4.79821066158036
1507 , 23.7686647226277 , 1.75114436549717
1508 , 23.7747491656981 , 12.1235819102627
1509 , 23.7975059035812 , -15.2458773361334
1510 , 23.8518652323133 , 2.13679433386874
1511 , 23.8594962966671 , 27.1261518652674
1512 , 23.8431248889601 , 27.0911295298503
1513 , 23.9009257337255 , 11.3803396071776
1514 , 23.9141143446932 , -13.5249400455249
1515 , 23.9439884839109 , -0.926632979658148
1516 , 23.9448207920846 , -0.854962825856934
1517 , 23.9480986518259 , -0.243544622337107
1518 , 23.9611617972587 , 12.5282142018555
1519 , 23.9618013091552 , 12.5207145628522
1520 , 23.9746562171522 , -13.9774565615496
1521 , 23.9927664924886 , -7.08440276274778
1522 , 23.9937945870324 , 1.78239444517971
1523 , 23.994650483732 , 6.93598729888608
1524 , 23.9958231464298 , -4.06510312763461
1525 , 23.9970492378956 , 46.9541166252585
1526 , 0.0349345238305655 , 11.4092875427477
1527 , 0.0488272606343043 , 4.15251413980995
1528 , 0.0939524684824247 , -7.05498599480372
1529 , 0.0964687250929048 , -11.4407343119593
