1 , 0.130637447153745 , 27.7724754011345
2 , 0.130971009211976 , 27.7421953290715
3 , 0.130873274409962 , 8.36383360841337
4 , 0.133012740080877 , 8.4363367600696
5 , 0.139779314059887 , 35.4268373207078
6 , 0.16863707870218 , 33.3728219820432
7 , 0.148473910688585 , -29.8555884178005
8 , 0.155484382571142 , 23.9019600300188
9 , 0.158041329411436 , 23.8811245730484
10 , 0.152219320256109 , -33.7970792579865
11 , 0.15465204656596 , 37.5122453479263
12 , 0.155314756177682 , 4.6744547205364
13 , 0.156154903392608 , 33.496995826528
14 , 0.155753124221438 , 15.8787002596847
15 , 0.160234779908639 , 21.6882130402668
16 , 0.160740214838874 , 27.7935860706575
17 , 0.194643201226538 , -12.0463976670474
18 , 0.165965811475662 , 27.7958088426662
19 , 0.1875963550921 , 33.0466892279659
20 , 0.16863707870218 , 33.3728219820432
21 , 0.189320256636942 , 33.4158770320281
22 , 0.172970415517772 , 27.8963698460952
23 , 0.174386098452326 , 25.9873621031535
24 , 0.174993690545993 , -24.9035292230326
25 , 0.175465430765274 , -56.9598700680994
26 , 0.1834469883639 , 25.8956882048584
27 , 0.185340893871778 , 29.0606048973384
28 , 0.18264901000301 , -56.928494360629
29 , 0.189320256636942 , 33.4158770320281
30 , 0.190361538787077 , 22.0407254112408
31 , 0.186337545748041 , -56.9257243374399
32 , 0.191133661824735 , 18.859141828014
33 , 0.191928138310363 , 3.73854807833154
34 , 0.194643201226538 , -12.0463976670474
35 , 0.195698980220512 , -11.9591726016067
36 , 0.199104409970365 , 6.45119204660226
37 , 0.198679415945336 , -56.8965780260696
38 , 0.205893973623898 , -5.52471893424703
39 , 0.214836850615581 , 31.1246158736315
40 , 0.226540143956786 , 72.5887188906802
41 , 0.222933741992487 , 22.0871037361562
42 , 0.225240671996634 , 22.1640528710503
43 , 0.226539582088161 , 30.9793283402842
44 , 0.230015138892086 , 31.3504587138365
45 , 0.243837232767825 , -23.1205069966767
46 , 0.245666663993676 , 6.04946565552442
47 , 0.251299723106925 , -7.10623374003157
48 , 0.243587038992616 , 48.2998569526749
49 , 0.249233472379727 , 48.3120794357701
50 , 0.255215101665493 , -7.28346910402497
51 , 0.252682513083694 , 48.3209654434357
52 , 0.254049260131524 , 18.6446502050235
53 , 0.254031339656796 , -60.2683420630872
54 , 0.261604739333886 , -7.04513189834761
55 , 0.261439494865097 , -39.1590302218223
56 , 0.265308389942162 , 12.5070462310799
57 , 0.268189550107487 , 17.3920630350579
58 , 0.251299723106925 , -7.10623374003157
59 , 0.266425142651158 , -21.3838124288589
60 , 0.27569653669195 , -0.241745058904523
61 , 0.282829876472378 , -6.25567579557747
62 , 0.2942541034176 , -13.4251961227005
63 , 0.305565692511369 , 11.5125039958877
64 , 0.301242080626979 , -6.76350367891987
65 , 0.325666994450953 , -22.8192422160114
66 , 0.327387980496942 , -22.8756357687388
67 , 0.313821821462292 , 30.1270032528898
68 , 0.314739180531836 , 30.1361692742491
69 , 0.315350602329508 , 30.1042219518338
70 , 0.315906718373318 , 30.1425584517555
71 , 0.31621242959294 , 30.126724816887
72 , 0.317574378649049 , 30.1042202664244
73 , 0.320234387741658 , -15.2605956543317
74 , 0.323439756340048 , 30.1250525588862
75 , 0.333545554215246 , 6.51189617333376
76 , 0.336837487276892 , 29.9978107851861
77 , 0.343135495137419 , -22.4714838698529
78 , 0.350040951725851 , 0.888219048176676
79 , 0.360451369811914 , 22.6303628992289
80 , 0.362701353724715 , 22.4209025607182
81 , 0.363340710788003 , 22.4464603677269
82 , 0.364564028520243 , 22.524241115777
83 , 0.365953486229605 , 22.4972927309777
84 , 0.36556546250035 , 22.6823059338607
85 , 0.366759924116804 , 22.5753522849355
86 , 0.36762171963777 , 22.6195215989616
87 , 0.362887082802695 , -48.5688278233183
88 , 0.365050944402368 , -48.5796692271757
89 , 0.365688445103788 , -48.6052261805705
90 , 0.374013031030454 , 22.4636700563691
91 , 0.374040631709684 , 22.4320015063698
92 , 0.367659332071663 , -48.5646728495502
93 , 0.377292564590008 , 22.4720013343399
94 , 0.380127827880961 , 22.5464467861884
95 , 0.380052780162216 , 10.5542979467546
96 , 0.381295480086713 , 22.609782454659
97 , 0.384731213461758 , 29.8091401954784
98 , 0.389352242317989 , -45.2082946845468
99 , 0.409541729123202 , 15.8326424349023
100 , 0.410380319355352 , 16.5490765494842
101 , 0.40767579200495 , -32.476118619974
102 , 0.419556631649076 , -13.8951632145113
103 , 0.431557102086545 , 61.3874946958871
104 , 0.408966145439114 , -72.0202747416748
105 , 0.431000702187102 , 12.9460374280853
106 , 0.42163611947591 , -5.08750515682948
107 , 0.437829466719292 , -8.222145135329
108 , 0.443017872888523 , 29.2754226511726
109 , 0.447102032419662 , 21.8707580337184
110 , 0.467386887937679 , 71.4494039507447
111 , 0.453490764138682 , -2.5635405900524
112 , 0.456686708713887 , 31.7664046687058
113 , 0.458047443242503 , -2.43909818932234
114 , 0.459026060826675 , -1.72433790364121
115 , 0.455265754762941 , -33.6159907825722
116 , 0.461969186785035 , -7.87717773305449
117 , 0.462581332245948 , 1.39583377601535
118 , 0.463998438909804 , -1.71823642077829
119 , 0.457872017544987 , -56.9180198211793
120 , 0.467889813392848 , -1.45211814125671
121 , 0.453866769481457 , -71.4768060597422
122 , 0.470166516874267 , -1.57851883458592
123 , 0.470611090639865 , -1.56574122811823
124 , 0.474053944064997 , -1.74881421617736
125 , 0.490208496931549 , 2.90031179212019
126 , 0.495153237366656 , 2.87280018310721
127 , 0.496320651997296 , 2.93502366407879
128 , 0.497042836517998 , 2.92668820290391
129 , 0.510229017084908 , 60.2837403629709
130 , 0.498070840010179 , 2.9327977528113
131 , 0.503046657080515 , -33.2002737906692
132 , 0.512509498331046 , 2.1546651293146
133 , 0.531715585562111 , 63.4183392673452
134 , 0.515177861248909 , -33.1850279910628
135 , 0.538816165730287 , -13.27707533834
136 , 0.535507494483883 , 61.5746153258763
137 , 0.525783096663741 , 10.2706949470774
138 , 0.526040657680002 , 5.22148859396916
139 , 0.528067962986279 , 5.14009025127548
140 , 0.532178591607121 , 30.8553940490528
141 , 0.531152809560088 , 5.24120093606244
142 , 0.528143875959873 , -22.5591337840008
143 , 0.530254969004185 , -22.4996921901108
144 , 0.531697657662408 , -22.5858094953618
145 , 0.538825679734353 , -5.09275707246815
146 , 0.56125531120027 , 63.3671860559539
147 , 0.563349948682254 , 48.5718174945866
148 , 0.580052320897685 , -31.7262857725005
149 , 0.573819325915249 , 30.7869816201607
150 , 0.580206738066317 , -27.7450368312351
151 , 0.576881508599574 , -9.64421196536042
152 , 0.556007405180526 , -73.0565513054143
153 , 0.576881508599574 , -9.64421196536042
154 , 0.58145521684958 , -12.5952100246098
155 , 0.587200334847476 , -10.7054063570819
156 , 0.586063699174756 , -8.27860701972669
157 , 0.58900714977514 , -8.33528462626016
158 , 0.594312813530684 , -8.28418498529773
159 , 0.584894735832879 , -55.7303631673856
160 , 0.610959829078291 , 24.0208802186528
161 , 0.602267187792514 , -2.78723026455837
162 , 0.612377305374749 , 24.0250455412286
163 , 0.609344287668938 , -10.0607114470481
164 , 0.618722204321942 , 2.81139735331971
165 , 0.617454463403003 , -10.0457335642143
166 , 0.606271188867811 , -13.5500496124302
167 , 0.5989373263842 , -23.3146430980205
168 , 0.619969058678628 , -22.5335636097859
169 , 0.624189818210829 , 24.0541880942774
170 , 0.622323650322924 , 1.94772347217049
171 , 0.631923250758462 , -19.8743171859457
172 , 0.629687556905041 , -22.5266487957611
173 , 0.629686152271568 , 2.00354059904538
174 , 0.625458158460659 , -29.418015796416
175 , 0.631923250758462 , -19.8743171859457
176 , 0.606352567807954 , -73.106732817878
177 , 0.635435908403177 , -22.4891640191387
178 , 0.661696141069599 , -14.1119099827677
179 , 0.638841766896325 , -17.7897965708433
180 , 0.642350442107709 , 8.69643422366596
181 , 0.649718902301358 , 29.5364570183923
182 , 0.646364034441837 , 2.78993355063251
183 , 0.651387248497843 , 29.5747903855394
184 , 0.653193208321857 , 29.5106155607381
185 , 0.659558710610828 , 48.4016324349907
186 , 0.649925278006699 , 3.22745138096967
187 , 0.667743252347485 , -14.5961198727777
188 , 0.808395209476635 , 85.3211544599006
189 , 0.670477574330757 , 61.1429820692661
190 , 0.658168363530544 , 7.1237894574431
191 , 0.659214001603862 , -8.94218382957309
192 , 0.663314876185608 , 0.925326180032668
193 , 0.664734721997063 , 3.39242081552639
194 , 0.664675508987299 , 3.09879138222268
195 , 0.669349118735807 , -9.13361368396283
196 , 0.664510015038354 , 0.974214660605913
197 , 0.66475976082347 , 0.953657173583323
198 , 0.665950434506741 , 2.85960619290976
199 , 0.668788354883099 , 3.19934175012847
200 , 0.669229734263314 , 2.94821359696187
201 , 0.669259720995982 , 0.921420162623748
202 , 0.670626904799988 , 3.5968619148133
203 , 0.670570178370143 , 3.50380060510638
204 , 0.671874144971035 , 3.36128774125612
205 , 0.682932899476624 , 41.7491840705934
206 , 0.685752578900304 , 40.8021677071559
207 , 0.670665516434469 , -14.1761074510525
208 , 0.681090532640881 , 2.81706056285023
209 , 0.660268175084371 , -18.5482328395963
210 , 0.685695563933299 , -13.8122478693007
211 , 0.670570178370143 , 3.50380060510638
212 , 0.67862214636667 , -56.0934818389468
213 , 0.695852469458948 , 16.5318216515528
214 , 0.701003477415955 , 25.5621649856044
215 , 0.68846483446471 , -56.1551861737463
216 , 0.700103712370646 , -20.9854207395078
217 , 0.702166619672322 , -9.96126206998704
218 , 0.70580892281062 , 36.422648027154
219 , 0.712708187556076 , 0.965461511326851
220 , 0.681377883610718 , -73.3450671216756
221 , 0.721764244023403 , 40.9295955159126
222 , 0.685174191687693 , -73.3267502391156
223 , 0.713985257255029 , 0.907120624868777
224 , 0.722467010133616 , 41.3326749490575
225 , 0.737510682886696 , 61.8317701447202
226 , 0.724986049232601 , 32.6434442396469
227 , 0.719703045097295 , -1.46721110628304
228 , 0.725016900190204 , 23.5658492468408
229 , 0.727851869315218 , 23.5719533552408
230 , 0.716690030713202 , -23.5692032394225
231 , 0.69146513852003 , -73.2934445176991
232 , 0.721883558948797 , -23.5019958572904
233 , 0.736796655249955 , 30.6499348670743
234 , 0.735394207527169 , 14.4043424552912
235 , 0.723827585664329 , -23.4814463692077
236 , 0.733877208978151 , 3.01913808193658
237 , 0.733973315196203 , -0.0643911101168985
238 , 0.732225318546571 , -50.1239092611119
239 , 0.753254916674349 , -3.69939922641924
240 , 0.76017525436205 , 6.17398456718471
241 , 0.731199112509362 , -73.3711008592673
242 , 0.732247299405938 , -73.387497429933
243 , 0.776870619966482 , 30.0225610487768
244 , 0.772231657323842 , -15.5373526054678
245 , 0.777729909072365 , -1.66268915673361
246 , 0.793624037172602 , -11.8113977563755
247 , 0.794853395647914 , -20.7004689614318
248 , 0.76276795607341 , -73.3215181417609
249 , 0.764995567519732 , -73.0215297570079
250 , 0.797458785074818 , 7.97120809066568
251 , 0.808166953722062 , 19.658939445342
252 , 0.810465134015706 , 27.6859044624339
253 , 0.801648501086417 , -25.2281989709869
254 , 0.799955158582176 , -31.3628787818104
255 , 0.805851106303277 , -11.4083645321992
256 , 0.770849039296751 , -73.4482169181959
257 , 0.81013401942019 , 8.35785898632722
258 , 0.813551029862237 , 27.7203406446576
259 , 0.810408909048958 , -2.71536736300595
260 , 0.819694502355968 , 27.7544925894585
261 , 0.780520997427695 , -73.0452086232877
262 , 0.823161724956962 , 32.0203479425964
263 , 0.822792063088223 , -13.0474064227774
264 , 0.814595576503993 , -38.1756586157481
265 , 0.792392492282231 , -73.4185865261492
266 , 0.840041698815292 , 32.340321580544
267 , 0.806780669088231 , -73.2155987489169
268 , 0.845424909214269 , -5.13369918896337
269 , 0.811728787966762 , -73.4731152633253
270 , 0.851754580681884 , -8.59170821995647
271 , 0.854507023246688 , -1.85019453465174
272 , 0.867162599715168 , 35.8846657032178
273 , 0.856229088928879 , -6.8255091715106
274 , 0.859948124582482 , -6.99664480419248
275 , 0.860697936038008 , -7.00525934637255
276 , 0.877617252997365 , -22.6211664969409
277 , 0.864198800162981 , -8.53647513575304
278 , 0.878409020413072 , 47.6146400711391
279 , 0.878669202193938 , -2.15808283974943
280 , 0.885036148157285 , 24.4129255404714
281 , 0.893979288501824 , 56.6863175991049
282 , 0.888434831525958 , 30.7014369922544
283 , 0.896305045356251 , -13.1038096143776
284 , 0.899387884170522 , -13.0988213759203
285 , 0.900943132493242 , -13.1007727493505
286 , 0.901082909684821 , -13.0527151292211
287 , 0.901342892543715 , 32.545142552217
288 , 0.888607302597145 , -26.5272211768937
289 , 0.887298204333233 , -31.1468466947495
290 , 0.859905141365814 , -73.1041768285641
291 , 0.901025392449597 , -8.70774121221572
292 , 0.883606914819615 , -72.7512414205038
293 , 0.913885603534225 , -7.17575684629378
294 , 0.890578908309708 , -73.3223731896626
295 , 0.928259854117559 , 31.5849797141846
296 , 0.928871801068059 , 31.6047012436814
297 , 0.925799321433507 , -7.29053481754837
298 , 0.926716231967172 , -7.27387019317108
299 , 0.896127410887033 , -72.1382523382128
300 , 0.923529122555467 , -37.6258397261438
301 , 0.94778929938382 , -10.6138811519309
302 , 0.949705920985226 , -10.6027776455171
303 , 0.924424009548657 , -16.5957834889908
304 , 0.945010127253985 , 24.1890864984831
305 , 0.948732645565963 , 12.1292927467377
306 , 0.910072499286445 , -72.1844300586214
307 , 0.951901348675534 , -1.71223307791016
308 , 0.95240118360142 , -1.72362479383479
309 , 0.954553264698506 , -9.85469803776509
310 , 0.956179434436319 , -1.70475025419505
311 , 0.969262968740404 , 30.3425171766571
312 , 0.945739601058501 , -52.725164830289
313 , 0.972850752897412 , 30.428898790962
314 , 0.956764163548991 , -31.9046858078587
315 , 0.973767694498771 , 30.4141718421422
316 , 0.974712923606496 , 30.4166684070681
317 , 0.971327023750621 , 43.8646254523035
318 , 0.978272607762442 , 30.4883298808238
319 , 0.957803369174398 , -43.7806137448298
320 , 0.988701925425344 , -20.7815635257735
321 , 0.970367353485299 , -5.02613485320053
322 , 0.961249094503691 , -43.6689608838844
323 , 0.952940865393011 , -52.9179775838516
324 , 0.962633769908073 , -40.9013991740326
325 , 0.972783409777071 , -5.05281359590855
326 , 0.983032376944857 , 26.9277640944771
327 , 0.974810769194794 , -5.07115691762978
328 , 0.957271613777615 , -52.8657779560662
329 , 0.976534105435871 , -5.01088275018474
330 , 0.944548794265647 , -72.4043183834631
331 , 0.794714953954777 , -2.67058757713982
332 , 0.989985790085974 , 7.17155059153556
333 , 0.990161396230827 , -16.4099515087422
334 , 0.989259217918685 , -35.0574553908885
335 , 0.997981147022956 , -18.1753598412181
336 , 0.976706100210927 , -18.3269371620256
337 , 1.00662223036264 , -7.51867175655384
338 , 1.02033600114069 , 30.7312449662909
339 , 0.966745598663554 , -74.4157912805165
340 , 1.01910800507225 , -6.80673857902049
341 , 1.02211577736843 , -9.1268960819835
342 , 1.02327629889397 , -6.71286233008079
343 , 0.982397542394274 , -23.1658178924105
344 , 0.982813913465128 , -23.1702647690199
345 , 1.03221795126463 , -6.82485451341467
346 , 0.990362150158545 , -72.1195597708251
347 , 1.03585971739551 , -6.67430581923446
348 , 1.02230419892563 , -53.1874976343152
349 , 1.04019140184979 , -6.74044089514111
350 , 1.04183030005704 , -6.73600379729968
351 , 1.04226229482267 , -1.8767998828214
352 , 1.04535466452023 , -4.18585525615531
353 , 1.04970657116306 , -1.89739033309876
354 , 1.06456540194155 , 22.4040395888228
355 , 1.06136677951361 , -6.26439710168176
356 , 1.06138060433872 , -6.92888427443737
357 , 1.06550511304019 , -6.2799731581492
358 , 1.09789291078574 , 62.0851351000498
359 , 1.08092675410007 , -0.704952938350691
360 , 1.05432893379215 , -65.5516172488278
361 , 1.04203611782765 , -71.5492807845552
362 , 1.05971611654347 , -70.7904963498302
363 , 1.11357357147489 , -16.4838802113854
364 , 1.08756515270557 , -0.743319847659797
365 , 1.08053083125353 , -35.064578428437
366 , 1.11881611744911 , 62.2928480589344
367 , 1.10623494968153 , -12.0696963837746
368 , 1.08112904626805 , -43.2187258960612
369 , 1.09496533482031 , -17.7007981209101
370 , 1.12270585406343 , 32.4909620229294
371 , 1.06363590344285 , -71.9996736917778
372 , 1.12270585406343 , 32.4909620229294
373 , 1.12651107968037 , 32.3706567069602
374 , 1.12860912071421 , 32.8565200782386
375 , 1.12859705446706 , 32.4103751666149
376 , 1.07004851594808 , -72.766641300948
377 , 1.11886583677038 , -20.2732797204809
378 , 1.11217340820475 , -30.1203838597203
379 , 1.13135385350677 , 32.5820431176492
380 , 1.13188098731381 , 32.5445367734203
381 , 1.15164012989581 , 61.6454531328513
382 , 1.1336301795532 , 32.4650776815385
383 , 1.1339083933581 , 32.4739666549695
384 , 1.13393295618294 , 32.3545143459768
385 , 1.1345453303888 , 32.3811788140368
386 , 1.13565838679438 , 32.4242314148578
387 , 1.13615950666802 , 32.4525664743236
388 , 1.14007696238321 , 32.3722645308566
389 , 1.15216741806188 , 39.7572265138742
390 , 1.14191505210557 , 32.4953221590336
391 , 1.13252153973321 , 0.985197392805644
392 , 1.15016303665136 , 33.1950624867077
393 , 1.15413990239588 , 39.7061037763018
394 , 1.15094177961264 , 33.2095060308068
395 , 1.09073501684858 , -71.9370485659844
396 , 1.14537848515634 , 4.59039236781596
397 , 1.15230292191529 , 33.1714392584446
398 , 1.15856891788948 , 32.5766435670855
399 , 1.16010119568576 , 32.6952590587027
400 , 1.16104920576338 , 32.7947067265015
401 , 1.16249543214126 , 32.8216440614259
402 , 1.16408129413844 , 32.8674745407843
403 , 1.16430215083037 , 32.8133025156074
404 , 1.16791893574677 , 35.7801858124707
405 , 1.15081337415069 , -46.6114093261696
406 , 1.12920749432711 , -69.8192323449229
407 , 1.18719164179323 , 33.1868396958773
408 , 1.19122344430908 , 33.2137684728938
409 , 1.16783601290833 , -35.7484051635114
410 , 1.19339179411805 , 33.2140351777147
411 , 1.13742918314547 , -71.7117568694309
412 , 1.18138210906456 , -19.9574813087213
413 , 1.21822044062851 , -2.73466075643284
414 , 1.19861686799898 , 33.1751204123707
415 , 1.17681397991605 , -35.4331654366841
416 , 1.13804581301055 , -72.3000927587969
417 , 1.19401180295485 , -18.0907794599946
418 , 1.18535470639804 , -30.1638346444528
419 , 1.14307250746702 , -72.826504772857
420 , 1.21304351633094 , 32.1844204891485
421 , 1.21437790213887 , 32.1849709342262
422 , 1.16091082234688 , -72.7099372660294
423 , 1.19829691185805 , -29.1771980255098
424 , 1.19950201918796 , -38.026719839624
425 , 1.22801501575108 , 38.8309823992451
426 , 1.22305685603835 , -0.230899518010295
427 , 1.21405383630783 , -32.0040722600488
428 , 1.22505875186213 , 1.04029182566294
429 , 1.22552791856429 , -0.286194169131284
430 , 1.22622463665453 , -0.193691258575147
431 , 1.24506009918948 , 33.7666168464806
432 , 1.20310882622097 , -61.47107163417
433 , 1.26430841901206 , 60.1890345292119
434 , 1.21121931385344 , -58.1908284577678
435 , 1.24291925522703 , 2.12999888523969
436 , 1.27770192762757 , 58.8802754071025
437 , 1.24926084025556 , 5.98552793289027
438 , 1.23467801998879 , -37.844694175809
439 , 1.23849516567472 , -31.6903110380295
440 , 1.2206731492741 , -58.2264365580947
441 , 1.23957644797458 , -31.731986621608
442 , 1.25362476843657 , -0.961946759293054
443 , 1.26253591460546 , 33.4390055512099
444 , 1.27416875949056 , 31.1415442465367
445 , 1.25758391660081 , 1.97629891866543
446 , 1.27739337127849 , 4.35331195117383
447 , 1.27097729037971 , 33.1275511321843
448 , 1.26413858182441 , -1.56676858015162
449 , 1.27920655285105 , 33.1500108913318
450 , 1.26801830861991 , -0.802846475980781
451 , 1.28056795560435 , 33.1247235948683
452 , 1.28122800870264 , 31.0942813894773
453 , 1.28192861349998 , 33.0758258663595
454 , 1.24678225721623 , -55.3443457475232
455 , 1.27571990436956 , 5.237276137554
456 , 1.23461958363443 , -73.2306586017238
457 , 1.33746631630921 , 58.3535638371009
458 , 1.25267128065816 , -71.4949516358521
459 , 1.31231551147267 , 17.6222076251824
460 , 1.2482687254478 , -73.2321298198684
461 , 1.29757662973911 , -33.7846373159821
462 , 1.31273031512703 , 4.28505840635792
463 , 1.32617762931113 , 16.384812485684
464 , 1.33461763985187 , 35.0168223363431
465 , 1.26628083304349 , -73.2680734630842
466 , 1.29413159689495 , -58.8538371271946
467 , 1.3291541162366 , 3.35989771799274
468 , 1.34060460729998 , 32.828004670536
469 , 1.33581000601705 , 14.9313117226652
470 , 1.33879700353492 , 3.46762927319058
471 , 1.34319927632865 , 14.8451527735133
472 , 1.35186125073364 , 32.7690543372731
473 , 1.34193956511836 , 16.6044664609636
474 , 1.34488131551894 , 3.47453991414999
475 , 1.34384045039567 , 14.9209891666005
476 , 1.34884492923758 , 16.0799425410484
477 , 1.36643511345646 , 40.5498731116931
478 , 1.34478632323512 , -22.3213227419734
479 , 1.36406205090747 , 3.92113033812543
480 , 1.35220279494502 , -9.82283369920294
481 , 1.36285878091203 , -9.1536860150301
482 , 1.34725716329002 , -40.9102057172352
483 , 1.37618511533773 , 33.5812125266084
484 , 1.33335957086674 , -58.4688071324131
485 , 1.3674216058386 , 7.07663007738615
486 , 1.37182383839813 , 5.40592068797597
487 , 1.37443271335082 , -16.3131013128639
488 , 1.37268267655625 , 5.31424204600537
489 , 1.37478554964567 , 9.26509125074628
490 , 1.37718630328057 , 5.42616926898263
491 , 1.36416532408688 , -34.0075580999953
492 , 1.3801603648928 , 5.4753225093857
493 , 1.3788495348242 , 1.0044373911295
494 , 1.39260258984273 , 33.2333160713189
495 , 1.3927797172425 , 33.5313950298022
496 , 1.39711851292151 , 33.5885993399126
497 , 1.38288567044797 , -0.816831541611925
498 , 1.39700587764026 , 33.5505390592041
499 , 1.39708832757918 , 33.5202613440527
500 , 1.38732753709259 , 5.44611202681176
501 , 1.40011748486022 , 33.4941308574718
502 , 1.39195226393664 , 9.10803616943808
503 , 1.40178191625835 , 33.3927227808735
504 , 1.40169404422729 , 33.2643804334298
505 , 1.39238008244034 , 9.52751023488755
506 , 1.40375257549012 , 33.3043733857293
507 , 1.40500402825586 , 33.3171434161132
508 , 1.40519943785633 , 33.3407562214654
509 , 1.39988101303183 , 9.49190854577055
510 , 1.40932135927531 , 33.5579750782624
511 , 1.40176438019873 , 11.3495450856677
512 , 1.41053130666359 , 33.9677207790119
513 , 1.41806116822582 , 33.8593401515211
514 , 1.41103326638114 , 12.9760093957301
515 , 1.42132978190543 , 33.5326280046373
516 , 1.41208173315076 , 9.61045801604843
517 , 1.42274603792216 , 33.4892824634158
518 , 1.41477086952314 , 9.38931363949958
519 , 1.41753369160682 , -1.58376147454439
520 , 1.41934608971945 , 3.85218988445993
521 , 1.41898540707382 , 1.78925791539274
522 , 1.42262406303355 , 10.0534866298489
523 , 1.43302560106997 , 34.0856617389917
524 , 1.42313972128179 , 9.59705849623197
525 , 1.4245333451969 , 9.76234110363239
526 , 1.40690192397297 , -35.0098170699746
527 , 1.40792683844271 , -35.0595461045178
528 , 1.43659880503509 , 33.7308903469684
529 , 1.4384717400111 , 34.7734666333135
530 , 1.42114644411917 , -1.52933488776782
531 , 1.44920424332346 , 34.8145203272192
532 , 1.43127316375758 , 9.32254390172016
533 , 1.43504336128387 , 1.81694070987911
534 , 1.42069876576133 , -38.0733588971191
535 , 1.43484633754583 , -1.3513497769353
536 , 1.44998070762382 , 34.7636781078033
537 , 1.43302560106997 , 34.0856617389917
538 , 1.43348126503765 , -1.49329631355072
539 , 1.43178078092683 , -18.1080112713065
540 , 1.46146241119565 , -19.9805360141401
541 , 1.43854177251384 , -1.32192585222655
542 , 1.45256519154817 , 34.7364395072984
543 , 1.44012757842409 , -1.23498471681185
544 , 1.42827824952906 , -38.0389630106411
545 , 1.44262635508953 , -1.28305923344109
546 , 1.42850149596027 , -38.01368502177
547 , 1.44309845105586 , -1.28750689224567
548 , 1.44360183784527 , -1.16777893417862
549 , 1.42695008433144 , -37.9517294818985
550 , 1.45477495946984 , 2.0798955458016
551 , 1.47203981649 , 37.2434743808219
552 , 1.44670831698021 , 33.4666473115808
553 , 1.44740319808444 , 33.4649766674513
554 , 1.46159475612485 , -22.6695784163338
555 , 1.46217661365581 , -22.7056954409214
556 , 1.46240094685114 , -22.6412487873797
557 , 1.44986854828789 , -1.58090365261751
558 , 1.46402668030557 , -1.91323828136522
559 , 1.50455495316783 , 63.3735697787513
560 , 1.46658391393632 , -1.85519445883648
561 , 1.48251990371809 , 34.3684589928223
562 , 1.48611581504285 , 48.4481684403304
563 , 1.43178078092683 , -18.1080112713065
564 , 1.47294618966281 , -1.82134302955402
565 , 1.47901803755463 , -1.24856107119431
566 , 1.494733396418 , 32.392114838727
567 , 1.45995789769438 , -10.2079656071797
568 , 1.47421837201026 , -35.6622347927349
569 , 1.4952308825991 , 11.1898053097916
570 , 1.49250114940493 , -0.891397545226793
571 , 1.50952846092243 , 32.5606512417108
572 , 1.48501025198053 , -39.2521679723993
573 , 1.524682119838 , 41.3176632935562
574 , 1.49260066075194 , -35.5434652762597
575 , 1.52313254917695 , 21.4990927639068
576 , 1.49005754802031 , -51.5433793897058
577 , 1.52083382091781 , -1.93721276985581
578 , 1.5169384462903 , -22.6110552025208
579 , 1.54031646255055 , 33.6741695118837
580 , 1.52083382091781 , -1.93721276985581
581 , 1.56843542582189 , 60.719693538546
582 , 1.54350801297128 , 33.5352501539916
583 , 1.50464483257645 , -18.2834957040078
584 , 1.53177446312052 , -6.81069487809368
585 , 1.53797649926928 , -0.8758560088808
586 , 1.53630132481558 , -6.8365601054227
587 , 1.55334076891982 , 35.4181217144009
588 , 1.55660484335722 , 30.7082678651951
589 , 1.55367003611479 , -11.9861995106766
590 , 1.57252803970416 , 44.9896128913577
591 , 1.56942243671433 , 35.728050521383
592 , 1.56391542084048 , 30.7057225933854
593 , 1.54829987693037 , -12.2984066622985
594 , 1.55827458695338 , -16.4795803987707
595 , 1.57003248519353 , 30.751522408781
596 , 1.55718501946391 , -6.97559796820873
597 , 1.5459407540396 , -33.4420789782273
598 , 1.57500693874618 , 30.7173205087204
599 , 1.55749814580304 , -12.1348466636756
600 , 1.56089856106183 , -7.25592054923145
601 , 1.5610526515003 , -12.152371750751
602 , 1.49425712166118 , -73.5026679804002
603 , 1.58952868910733 , 30.2916387007793
604 , 1.58632516832416 , 30.8436493805532
605 , 1.59502995893603 , 41.3077936928008
606 , 1.59091475403449 , 21.4764423838022
607 , 1.58061661588379 , -7.35522758295461
608 , 1.60186585723848 , 33.7157360139186
609 , 1.61959328609853 , 64.5982569262552
610 , 1.5681493998281 , -20.0884811664177
611 , 1.56814998180302 , -20.0718128056865
612 , 1.57433793842979 , -36.4385179974641
613 , 1.58040371458902 , -29.3637976178932
614 , 1.60856646196064 , 33.7412508496338
615 , 1.59431258643077 , -7.28420518502305
616 , 1.61190604162017 , 33.8301251346743
617 , 1.57668269310724 , -9.71758996292211
618 , 1.60186585723848 , 33.7157360139186
619 , 1.58932819301802 , -36.4350159064665
620 , 1.62770038967813 , 42.3826759033869
621 , 1.62440575130175 , 35.571858238883
622 , 1.60966803634913 , 0.720176898607479
623 , 1.59343653918424 , -36.4355988729297
624 , 1.60686688579381 , -9.94725758430494
625 , 1.59258926423072 , -41.3832818525927
626 , 1.59479840545251 , -39.0918268712733
627 , 1.60856646196064 , 33.7412508496338
628 , 1.62168997431523 , 15.8410439584062
629 , 1.66452818351171 , 72.929320350201
630 , 1.60164298276712 , -39.3035488266951
631 , 1.62285431399121 , 5.89271785558738
632 , 1.63132929093554 , 5.93405282535662
633 , 1.61471353056015 , -37.2666220101752
634 , 1.64933645162329 , 35.4239072129624
635 , 1.64716137818486 , -22.8742055456279
636 , 1.66119234187045 , -7.45662894716227
637 , 1.73068874588274 , 64.0975154944897
638 , 1.67035132766118 , 7.29389452770251
639 , 1.65831593897264 , -29.8707748063397
640 , 1.66624182349476 , -9.34568947858194
641 , 1.65208710003763 , -42.4737589879727
642 , 1.6602876071247 , -29.8610695731665
643 , 1.58587867676087 , -75.5027608357459
644 , 1.65591368403606 , -42.5318463844802
645 , 1.67891655167656 , 5.7826006798784
646 , 1.62812875535623 , -64.8417566417705
647 , 1.67491288377722 , -9.18657397149229
648 , 1.65342998829442 , -17.776163967237
649 , 1.67807833826553 , -9.21632132282435
650 , 1.71685786350398 , 51.6314367569758
651 , 1.7179434617094 , 51.6405998020033
652 , 1.68854539392293 , 8.03993973056543
653 , 1.71801593113959 , 35.6973647168484
654 , 1.74608079132918 , 61.943381815711
655 , 1.70783523949902 , -13.0276381415521
656 , 1.71809448164043 , 26.2012743316162
657 , 1.74195470201625 , 55.9302060157758
658 , 1.71275654269249 , 12.6582098425549
659 , 1.75246511869725 , 60.7296468832481
660 , 1.72724014282924 , 13.7004174720037
661 , 1.74801867644579 , 28.7646214286589
662 , 1.75422734622562 , 37.7550655936173
663 , 1.78401359353285 , 61.276966031337
664 , 1.73918410320698 , 4.27843739706201
665 , 1.75886415132815 , 10.4793630354852
666 , 1.77922925138272 , 34.4329452612499
667 , 1.75787394702363 , -22.8653113247771
668 , 1.78394254605445 , 36.5183667281742
669 , 1.79874493427224 , 35.6212418241287
670 , 1.80087963648989 , 27.9436202146046
671 , 1.7931603242715 , 13.1815631910396
672 , 1.80894941771281 , 27.4901891522303
673 , 1.81625066761569 , 11.5773660008301
674 , 1.86530524528653 , 22.4140507129702
675 , 1.8291137616707 , 13.1157349244278
676 , 1.82572695890947 , 5.96154388546045
677 , 1.8306417884657 , 13.111834174424
678 , 1.83397028615171 , 22.053697934773
679 , 1.839816947587 , 35.8440187510468
680 , 1.84022230531907 , 22.0278157527023
681 , 1.82894111354115 , -10.3730933141765
682 , 1.82699705041194 , -14.9206212873211
683 , 1.83965249981073 , 11.7577614546104
684 , 1.84789855973599 , 27.7032548168669
685 , 1.80219490858583 , -52.709662264748
686 , 1.82431474057953 , -23.7447737496317
687 , 1.85360733365341 , 36.42869030683
688 , 1.85658362322704 , 35.3424659486315
689 , 1.83956467894941 , -27.4134378392047
690 , 1.80571337210896 , -16.6675159177128
691 , 1.85533260336923 , 21.8168500993216
692 , 1.81905065019602 , -48.5958150151416
693 , 1.85176778293161 , 6.19997586594705
694 , 1.85998298515973 , 22.0535036875867
695 , 1.86439690574971 , 22.6393540536129
696 , 1.83356216487549 , -34.85237522152
697 , 1.86530524528653 , 22.4140507129702
698 , 1.83700853229319 , -34.778790929211
699 , 1.85465747621082 , -11.9817450643683
700 , 1.88239191719205 , 36.0942819071064
701 , 1.86035319473041 , -9.64939867886108
702 , 1.86483204769356 , -4.00122900721921
703 , 1.88873741517546 , 36.2298015578543
704 , 1.88820681173895 , 36.1845243054114
705 , 1.88929197540224 , 36.2020200585781
706 , 1.87394393191403 , 6.35120616193263
707 , 1.86684036879958 , -8.45213955811336
708 , 1.89062683361322 , 36.2097869128723
709 , 1.8917980115571 , 36.2806167168883
710 , 1.89273461202916 , 36.110875141674
711 , 1.884628325111 , 17.5690337960436
712 , 1.89677742718226 , 36.8772989319741
713 , 1.93198122831509 , -9.02993059323074
714 , 1.90264019584185 , 36.2788685948695
715 , 1.89595393037984 , -12.8199131626322
716 , 1.89328770638995 , 12.763826029653
717 , 1.90970200737074 , 36.2871488618456
718 , 1.8967352219341 , 4.25029649523856
719 , 1.90447536100429 , 19.896863550312
720 , 1.89258818711307 , -13.6852253054195
721 , 1.92388459454075 , 39.4406461277849
722 , 1.92343425866254 , 20.7542917319401
723 , 1.90473292456495 , -23.704589684525
724 , 1.90473292456495 , -23.704589684525
725 , 1.88550983070194 , -16.4642475041529
726 , 1.93477763404198 , -10.7461914076401
727 , 1.90516093703183 , -35.8038443266743
728 , 1.92687971735942 , 4.27728139488529
729 , 1.90516093703183 , -35.8038443266743
730 , 1.93151442092885 , 5.69041864093383
731 , 1.92484551986372 , -8.95792191917631
732 , 1.95218386775112 , 36.8593766708213
733 , 1.95368741462344 , 33.1126493853364
734 , 1.92489573600915 , -17.0268314124695
735 , 1.95496638780036 , 34.2344048860994
736 , 1.95568819967492 , 33.1012434935975
737 , 1.95563286668045 , 33.1065207074682
738 , 1.95696754904457 , 33.1156772407641
739 , 1.95947976856162 , 33.3240103655405
740 , 1.95957850644396 , 33.0723223877162
741 , 1.94898958671921 , 5.68305549262685
742 , 1.94987847993252 , 5.68027032832691
743 , 1.99009987953913 , 60.2137320466735
744 , 1.98755557731384 , 55.5331286489352
745 , 1.90856434258849 , -56.6422918881732
746 , 1.97583607949755 , 44.9759910367991
747 , 1.96774208199482 , -9.40969875919739
748 , 1.94887356600938 , -4.41360300720082
749 , 1.93645979395642 , -29.8702049939076
750 , 1.97004029544838 , 33.2664228779818
751 , 1.97017891847322 , 33.2591982332395
752 , 1.97095046236712 , 37.8904293825701
753 , 1.97290372253939 , 35.9727475938829
754 , 1.91216204009181 , -56.7098266749892
755 , 1.94892532340625 , -9.00923457490505
756 , 1.91707909224314 , -16.6545186946582
757 , 1.92484551986372 , -8.95792191917631
758 , 1.93789666096202 , -3.01229174384962
759 , 1.97512261265915 , 36.3999888690716
760 , 1.97413389113933 , 33.4119582986022
761 , 1.9747742714907 , 33.433067239211
762 , 1.95886675098758 , -5.34875838582282
763 , 1.94892532340625 , -9.00923457490505
764 , 1.95995744914944 , -16.0087203900097
765 , 1.99064102431139 , 24.9480219505701
766 , 1.98829163833126 , 8.40157911857812
767 , 1.99006888742742 , -9.53433939490438
768 , 1.98766981240452 , 0.582590669565052
769 , 2.00417386897798 , 30.9659485763953
770 , 1.99745257129453 , 19.0102148718487
771 , 2.07341141703559 , 72.4808351399441
772 , 1.99912218252868 , 19.0627062726346
773 , 1.9902996757155 , -11.4625402917021
774 , 2.00314886672565 , 14.0630630640432
775 , 1.98428246560447 , -26.2420775030207
776 , 2.00906924717019 , 23.6997072191471
777 , 2.01503995235695 , 31.4859104016104
778 , 2.0163128088192 , 31.3692233695504
779 , 2.00459504563523 , -5.91112839285112
780 , 2.02052965875615 , 28.2816912886759
781 , 2.01257181066634 , 12.7100894245822
782 , 1.96731096607209 , -57.7400422605947
783 , 2.02946124095406 , 31.9380542959005
784 , 2.03223214478271 , 28.8938733916409
785 , 2.038742601436 , 31.8826973091727
786 , 2.03375117927208 , 15.7007340871265
787 , 2.02281109172966 , -8.94985046702085
788 , 2.02783993454534 , -6.76278051688658
789 , 2.05154158265025 , 32.1281704214594
790 , 2.03211741169849 , -5.3177037470027
791 , 2.03891985829973 , 8.5536728725784
792 , 2.04784223157654 , 15.7667340418637
793 , 2.05945939193691 , 32.037262850521
794 , 2.05186818369547 , 18.4274952869324
795 , 2.00341035759773 , -55.7739433589211
796 , 1.94733229137951 , -74.1690703457232
797 , 2.0690787974235 , 38.173836889273
798 , 2.06644118533324 , 32.1333250593053
799 , 2.04637346184115 , -0.0471210524575412
800 , 2.04626119207075 , -0.0776781753495877
801 , 2.07381340341187 , 38.315755473558
802 , 1.98919027405302 , -67.8197544693616
803 , 2.07272499504526 , 16.0854436177778
804 , 2.07821994562893 , 30.8881166614499
805 , 2.08570890650581 , 28.8681522359384
806 , 2.06793767451684 , -9.88058789059584
807 , 2.09294390804664 , 29.0431072478923
808 , 2.07439097490155 , -23.2610189087339
809 , 2.08123453193504 , -8.6828346910179
810 , 2.10145587322521 , 13.3049503843407
811 , 2.08559588062324 , -10.0563111216198
812 , 2.12616691772165 , 44.6289193085516
813 , 2.03060140951044 , -68.3890146836044
814 , 2.18612178183946 , -15.7226335840565
815 , 2.18661991924961 , -15.7620853432236
816 , 2.14668542721987 , 29.3112873027313
817 , 2.13635267529742 , 17.2558382679671
818 , 2.15711134115851 , 38.8328805878684
819 , 2.15382773025022 , 29.2895586737419
820 , 2.15048860617424 , 14.4032356794425
821 , 2.14926767655748 , 11.0473906734103
822 , 2.1185400328173 , -41.1070633160873
823 , 2.13079687576786 , -25.3911024208344
824 , 2.12274343291857 , -36.4032881114137
825 , 2.15224764208041 , 6.3761182067238
826 , 2.1679690873741 , 30.7942942814354
827 , 2.15895375600092 , 8.02453695673722
828 , 2.18079716002566 , 39.2466029654296
829 , 2.15440745806526 , -7.73868892871148
830 , 2.15899146884621 , -7.71595063558871
831 , 2.16949192958081 , 6.14927874246123
832 , 2.19480823391504 , 35.5967171197605
833 , 2.1650325895283 , -10.0814664009069
834 , 2.1950747383803 , 37.7213450640709
835 , 2.16608788947829 , -10.0839760170781
836 , 2.18227865681183 , -22.0046951094516
837 , 2.17984454918949 , -22.3810865077241
838 , 2.16992046022931 , -10.0945676933838
839 , 2.17116894432537 , -10.1320813679721
840 , 2.18112017772948 , 7.89849542062572
841 , 2.19956827720546 , 37.5526810579346
842 , 2.17343552478759 , -7.71108040014444
843 , 2.19669953915509 , 32.1530574802007
844 , 2.18054767589378 , 6.1025095541904
845 , 2.21688677331966 , 37.532529282335
846 , 2.21526005965453 , 44.6237164950652
847 , 2.21526005965453 , 44.6237164950652
848 , 2.18074560356298 , -10.2694019332079
849 , 2.17848913197955 , -22.272733325496
850 , 2.19669103061596 , -1.43328184653139
851 , 2.19654220053151 , 3.83188996455572
852 , 2.15473369705457 , -56.6875748813419
853 , 2.20400860112061 , -9.25425901125788
854 , 2.19979318422973 , -35.7861970830601
855 , 2.24525899945174 , 27.9316871129179
856 , 2.23697509267415 , -0.665253004056266
857 , 2.21846540178659 , -31.8950651140166
858 , 2.2170815882636 , -22.4214356066716
859 , 2.23697509267415 , -0.665253004056266
860 , 2.26108795591625 , 30.8334778622409
861 , 2.27555996025179 , 35.9682571097962
862 , 2.22495284006018 , -41.9847683237513
863 , 2.25227971805533 , -0.714843326286068
864 , 2.26756171421839 , 6.05365715812713
865 , 2.28181826111417 , 28.6544791272033
866 , 2.25227971805533 , -0.714843326286068
867 , 2.29439482452813 , 1.29576801509014
868 , 2.27589471349332 , -0.661725816168913
869 , 2.33101856558247 , 57.1906527957446
870 , 2.29615482413185 , 14.5749945937031
871 , 2.29657291984046 , 14.5997148459943
872 , 2.26590402956625 , -17.7321353050783
873 , 2.28483081985111 , -11.2985067924823
874 , 2.27588359199843 , -23.2564924491479
875 , 2.29439482452813 , 1.29576801509014
876 , 2.30840893558437 , 14.5732137859206
877 , 2.31021598282704 , 14.5959759789704
878 , 2.30700889962578 , -23.3354103221783
879 , 2.29021217192399 , -8.91337153001586
880 , 2.31705493423699 , -4.15490889967682
881 , 2.3219782787384 , -6.5893227221618
882 , 2.33808803760359 , 15.8666649529907
883 , 2.32749928662018 , -6.74049916535046
884 , 2.3889719982227 , 57.1992879658093
885 , 2.25227971805533 , -0.714843326286068
886 , 2.40116363697825 , 63.8332773951691
887 , 2.33469310579092 , -16.0198972725734
888 , 2.29624717389224 , -59.8128880068703
889 , 2.32601380918288 , -41.7012978283372
890 , 2.37822561253415 , 33.3195703390809
891 , 2.38773382504064 , 42.4011290931139
892 , 2.35639688156646 , -23.0650426373598
893 , 2.34028128162201 , -41.3550360875718
894 , 2.36902680978701 , -5.45996331829072
895 , 2.36958183261009 , -5.47135858834367
896 , 2.43868868279713 , 62.0744632044001
897 , 2.35978664077745 , -33.6729247339384
898 , 2.40082722550089 , 42.0054178233304
899 , 2.3734815059281 , -20.7745032524584
900 , 2.40316661229492 , 26.5642644676617
901 , 2.40369702712158 , 26.6089859336901
902 , 2.38165569575603 , -16.6301239503345
903 , 2.41118856977842 , 27.4092666749981
904 , 2.41249403359408 , 27.3953636654141
905 , 2.38805088891434 , -8.66929979350013
906 , 2.43308996134928 , 42.143735618033
907 , 2.39253789062368 , -20.6630185518962
908 , 2.39331685191142 , -21.1850062887551
909 , 2.43489313396697 , 42.0895467888237
910 , 2.43601670337486 , 41.8775731351762
911 , 2.4403642019927 , 42.0100420607483
912 , 2.44043386569341 , 41.8314127400778
913 , 2.44101932175486 , 41.8525211108913
914 , 2.44669025640319 , 42.1980535832801
915 , 2.44028077511251 , 27.2736946884562
916 , 2.44086579597641 , 27.2950797501015
917 , 2.44671897137079 , 31.9646244722109
918 , 2.44130725631558 , 18.5470333460366
919 , 2.44892410482103 , 27.2633320169444
920 , 2.47670291241003 , 46.0003188444956
921 , 2.45160055551767 , -15.7993765478652
922 , 2.42614708936933 , -24.7414045701016
923 , 2.47156128182174 , 42.0311319353114
924 , 2.45693958356432 , 20.5484568212457
925 , 2.46602831992938 , 33.6312595198979
926 , 2.44484094732817 , -0.283049929694464
927 , 2.45392968748021 , 12.2057628524148
928 , 2.47232654373802 , 27.2725485764544
929 , 2.46416785904373 , -12.0389389054953
930 , 2.47491176050231 , 20.3927092316733
931 , 2.4819281788808 , 31.3631140410354
932 , 2.47580054216347 , 20.3840884704107
933 , 2.50047457646995 , 45.9650831060309
934 , 2.46881900305786 , -0.194949064113165
935 , 2.48037693698391 , 19.6500855977502
936 , 2.47005621563506 , -1.10726302160291
937 , 2.50313979236592 , 42.3025152646962
938 , 2.4866082412163 , 20.3348113160084
939 , 2.44641950708641 , -44.3998518309013
940 , 2.50221135957106 , 31.6932220861202
941 , 2.4840294840451 , -1.10212581171221
942 , 2.49536312820856 , -10.7874922740154
943 , 2.4951688376888 , -10.7799892854394
944 , 2.45391473431911 , -14.4676335601743
945 , 2.48621102482089 , -10.4907083300442
946 , 2.52268424598889 , 42.2856521778826
947 , 2.48471268842348 , -18.994669441409
948 , 2.48848989256423 , -10.4657294265097
949 , 2.52519520549311 , 37.1879479778424
950 , 2.49574301091565 , -10.9769558900235
951 , 2.49109352930462 , -22.3019088054786
952 , 2.533066919999 , 34.7912605293409
953 , 2.5305507742238 , 29.6402490608771
954 , 2.48837478311917 , -41.3562754566666
955 , 2.51883959075291 , -1.05969866893387
956 , 2.55413383656671 , 44.6405488237671
957 , 2.56903700387293 , 57.6231456455068
958 , 2.52136707079702 , -2.8923831569755
959 , 2.55154733309981 , 35.5467007640295
960 , 2.53740504151433 , -9.25252464588845
961 , 2.69331916168578 , -6.88926442808077
962 , 2.55550473083381 , 28.1217994905861
963 , 2.51814187249837 , -4.16718121779029
964 , 2.52601521442312 , -35.9886434980174
965 , 2.549108785564 , -18.5933652515258
966 , 2.53849054723359 , -19.8347313346351
967 , 2.54576605322991 , -17.1693366648167
968 , 2.57986088075051 , 34.5318774282471
969 , 2.58028873466825 , 32.9975605446013
970 , 2.58131929773164 , 33.0275544716847
971 , 2.58243183989484 , 33.0392102073522
972 , 2.58153705274754 , 29.361097394488
973 , 2.58362391356891 , 32.5566547887142
974 , 2.58520941860353 , 33.006124150399
975 , 2.56645119308088 , 9.65105662078377
976 , 2.57734910238136 , 21.0272937813437
977 , 2.5601393670759 , -10.7120458888653
978 , 2.59112284349799 , 32.8960533957058
979 , 2.53448493534279 , -44.4785557341045
980 , 2.60045542704513 , 40.9786451810998
981 , 2.55912894953268 , -10.9262190005457
982 , 2.60220228366565 , 40.9211222619266
983 , 2.66037175518695 , 34.6724498419428
984 , 2.58945645092403 , 23.4637911817507
985 , 2.58634380147081 , -8.73771734269664
986 , 2.56698769256144 , -39.0003355072008
987 , 2.62520487992205 , 33.3779702043595
988 , 2.60017662411979 , -9.30790993011935
989 , 2.57168643127538 , -16.4645567770217
990 , 2.61528333521357 , 11.6910173661679
991 , 2.6017546065461 , -7.10774486159237
992 , 2.63449121520518 , 21.149770119128
993 , 2.62257882697091 , 2.09811268041987
994 , 2.62257882697091 , 2.09811268041987
995 , 2.65427341898835 , 41.5800908371551
996 , 2.65642384007931 , 41.6984122062888
997 , 2.63071754060805 , 7.35433937701252
998 , 2.63130237329981 , 7.38405837706763
999 , 2.65859449982447 , 41.7222804031052
