1000 , 2.6592164696364 , 41.5114205254549
1001 , 2.66560074808908 , 41.7227641019881
1002 , 2.66037173376468 , 34.6724497077281
1003 , 2.66664716833617 , 40.923791403168
1004 , 2.63804932738973 , 2.02321968507001
1005 , 2.6697562754211 , 41.5443718981653
1006 , 2.63550940646617 , -10.97869951167
1007 , 2.64097490966922 , 2.2032048354271
1008 , 2.64180473040367 , 2.12791136632097
1009 , 2.64839981060305 , 2.35758419029399
1010 , 2.63550940646617 , -10.97869951167
1011 , 2.63662136710256 , -10.958431828315
1012 , 2.6653605601987 , 30.2014200666794
1013 , 2.63981848185481 , -11.4601735908506
1014 , 2.64280275453199 , -9.5253261783362
1015 , 2.64619962974271 , -1.2710494148057
1016 , 2.64858521387342 , 2.16673164722574
1017 , 2.63970422761831 , -10.9640208696303
1018 , 2.64544270171452 , -9.49757473435706
1019 , 2.65074221781573 , 1.95557850919202
1020 , 2.65545251724093 , 2.27861293414948
1021 , 2.65645191877987 , 2.26471202861391
1022 , 2.65174892006784 , -6.63073758648241
1023 , 2.68526934188351 , 39.1139883652644
1024 , 2.66350728060151 , 10.8959898100479
1025 , 2.6113228368753 , -54.8191494591011
1026 , 2.66535440215908 , 6.59223474405103
1027 , 2.72445672872304 , 61.6465756910998
1028 , 2.67053666420396 , 10.8914697975483
1029 , 2.67033972558293 , 10.8414667912789
1030 , 2.67462279770725 , 18.0726642193881
1031 , 2.61651251214579 , -54.81448319295
1032 , 2.66631629963191 , 1.14117196061888
1033 , 2.68042342481421 , -8.73011200697286
1034 , 2.64612736468939 , -15.7630768245983
1035 , 2.66737213472575 , -8.08602757142843
1036 , 2.6853882042284 , 19.3457267271955
1037 , 2.67582066248011 , -1.68723721279602
1038 , 2.67819852215322 , 1.55663729563637
1039 , 2.71362549456681 , 42.8123571896091
1040 , 2.73228375213051 , 41.5506562905193
1041 , 2.68311436272692 , -5.39347086440003
1042 , 2.68260676438403 , -8.38788495800619
1043 , 2.68935845122427 , 1.3901130207653
1044 , 2.69516142018524 , 8.78628652366849
1045 , 2.683909468999 , -11.2317429987246
1046 , 2.69702214669602 , 8.76765333976078
1047 , 2.68509312433246 , -8.10094329244228
1048 , 2.68649059179659 , -8.48737956304221
1049 , 2.67118022380266 , -34.2137285621349
1050 , 2.72150765986965 , 34.81403963451
1051 , 2.69331914298641 , -6.88926448173769
1052 , 2.6939207822495 , -8.2085486495401
1053 , 2.73228375213051 , 41.5506562905193
1054 , 2.71500899723321 , 18.2658614687509
1055 , 2.7056500223351 , 0.489577865408633
1056 , 2.72465838666663 , 28.6236975734445
1057 , 2.72891248584024 , 32.5412471278145
1058 , 2.73678940264727 , 37.391338341919
1059 , 2.72047164642379 , 18.0443927838537
1060 , 2.7322991036267 , 32.4742584441289
1061 , 2.73252430019402 , 32.5167609027616
1062 , 2.73491426818091 , 32.5120117686026
1063 , 2.71219171242581 , -5.52213206825633
1064 , 2.71572588937455 , -9.31693466894288
1065 , 2.71068321436363 , -15.0462261926569
1066 , 2.74200306776138 , 32.5249928265111
1067 , 2.74220005282185 , 32.561105336378
1068 , 2.7210460411433 , 0.0338138227908249
1069 , 2.72594590873151 , -8.24306843162826
1070 , 2.73273429938419 , 5.01552845500817
1071 , 2.72811587125825 , -8.72841089573019
1072 , 2.73509071655971 , 0.353411040406317
1073 , 2.73764316187046 , 1.42264609377405
1074 , 2.7355600506969 , -16.2518709659161
1075 , 2.7348708786117 , -16.156023332962
1076 , 2.73372558120531 , -14.7097876380995
1077 , 2.77889993717585 , 40.139750179392
1078 , 2.74480335867642 , -9.4064289973779
1079 , 2.73717744824878 , -28.9586000432093
1080 , 2.76229020830329 , -4.66510955916771
1081 , 2.76042776062409 , -15.5426501550315
1082 , 2.77075532364275 , -8.13466692604902
1083 , 2.77024413181556 , -15.3124640160201
1084 , 2.77595242002964 , -7.53245207395246
1085 , 2.78356411839717 , 3.65400979178004
1086 , 2.81113514807745 , 41.2961704420539
1087 , 2.7833610005171 , -0.453305610828361
1088 , 2.79495817952082 , 16.2475748803759
1089 , 2.77839728551289 , -15.0289217480499
1090 , 2.78581794260827 , -0.201921514189802
1091 , 2.76501617556354 , -17.4886818009653
1092 , 2.76701543823171 , -17.4978727058231
1093 , 2.81613159521052 , 34.468816567654
1094 , 2.80076182120122 , -0.239591632044401
1095 , 2.80375718701717 , 4.68415837782026
1096 , 2.73514334597719 , -59.8709054103918
1097 , 2.78013246480736 , -30.2319398022406
1098 , 2.75703845719862 , -17.6147129398542
1099 , 2.76375686860165 , -17.663958884779
1100 , 2.76878479389648 , -17.6440132116263
1101 , 2.81403367241065 , 4.62459319030321
1102 , 2.79543951581065 , -22.1649211395064
1103 , 2.81067494860238 , -13.9150311626346
1104 , 2.82045882893189 , -0.22592243702842
1105 , 2.73723035662559 , -15.6607340613769
1106 , 2.85684999692646 , 41.7212642534136
1107 , 2.8322143632962 , 8.13944115173583
1108 , 2.82001563792358 , -7.90575568612977
1109 , 2.80580637478376 , 13.3024492844736
1110 , 2.82860469765369 , -7.79334331551342
1111 , 2.82131123372122 , 13.3058885855223
1112 , 2.82717204166641 , 13.2702634989554
1113 , 2.84515497846079 , 13.3745167912536
1114 , 2.82745233430191 , -16.9499029768709
1115 , 2.85079215076825 , 13.3133361421646
1116 , 2.85368551929731 , 13.3813661290087
1117 , 2.86406954541151 , 13.2320676176193
1118 , 2.84207284092821 , -12.1196889011498
1119 , 2.81351046579711 , -17.9439860761428
1120 , 2.82675670943874 , -14.4260880464927
1121 , 2.85383206560354 , -1.68920892210418
1122 , 2.89323458890381 , 42.2539624305954
1123 , 2.89323458890381 , 42.2539624305954
1124 , 2.86831825504876 , -25.6584942914538
1125 , 2.87004807579791 , -16.6073082711301
1126 , 2.88152300251405 , -1.25170783981677
1127 , 2.8914699674023 , 13.3028754278719
1128 , 2.97157846493935 , 6.07098172931639
1129 , 2.91989514555429 , 41.6280485788721
1130 , 2.91911913535575 , 41.6544482044693
1131 , 2.92175608568768 , 41.6074701952063
1132 , 2.89071913062119 , -1.22986688311588
1133 , 2.88766382441364 , -8.76048887231458
1134 , 2.90515541584945 , 13.060473537208
1135 , 2.85197724423696 , -54.8877101019431
1136 , 2.85374577164749 , -54.9343991717099
1137 , 2.91063222571845 , 3.00667998655296
1138 , 2.95589509410146 , 43.0952737144056
1139 , 2.88860739868883 , -14.4854119170899
1140 , 2.91851466601348 , -9.98456005007231
1141 , 2.92908397406591 , -0.133821487790254
1142 , 2.92977813717667 , -0.13966339731935
1143 , 2.92908397406591 , -0.133821487790254
1144 , 2.92977813717667 , -0.13966339731935
1145 , 2.91801088322357 , -18.5930154505946
1146 , 2.97347512556797 , 46.4789874276241
1147 , 2.92847907822014 , -9.07626661325729
1148 , 2.96052675208209 , -7.64235313882853
1149 , 2.96633048390001 , -0.265100873356792
1150 , 2.95929215285842 , -15.0060011975942
1151 , 2.9602108620842 , -14.9707313112315
1152 , 2.96866152314955 , -7.71662160565061
1153 , 2.97941244825402 , 3.40591761964596
1154 , 2.97796556890938 , -10.3208402481609
1155 , 2.97946634995573 , -10.3075234859296
1156 , 3.00617830474305 , 25.282998748632
1157 , 2.97742497751889 , -15.0756651812822
1158 , 2.96213404325401 , -14.3523712693067
1159 , 3.02543876141381 , 43.210038382859
1160 , 3.0330701487892 , 45.0028896458142
1161 , 3.03331434348502 , 44.9448249585141
1162 , 2.99127001493746 , -12.3558888675123
1163 , 3.01491437065814 , -17.1109925271806
1164 , 3.04578905459263 , 42.6325250280799
1165 , 2.98775604557249 , -32.0583583227202
1166 , 3.02006726205338 , 11.8870805580419
1167 , 3.04028552664397 , 35.2521763493778
1168 , 3.0234253977667 , 11.8164781954504
1169 , 3.07259319182384 , 46.4333865519879
1170 , 3.05206976359698 , 27.1181942267966
1171 , 3.07898026309176 , 43.4444305685839
1172 , 3.0356009378311 , -14.7949484748972
1173 , 3.07854713855702 , 42.4301758276627
1174 , 3.10450183897429 , 42.8818524632741
1175 , 3.08816216184833 , 42.3867237691583
1176 , 3.08886232934942 , 42.4403305448328
1177 , 3.08952649766353 , 42.4092082891932
1178 , 3.08993878369031 , 42.3605884673803
1179 , 3.05272182216425 , -18.8565813710503
1180 , 3.03975602355924 , -14.9886241077306
1181 , 3.03747713110398 , -15.0110988392742
1182 , 3.06711057144513 , -9.62879206675204
1183 , 3.09200149784898 , 42.4158491930289
1184 , 3.30871251283221 , 80.8397434570669
1185 , 3.05902940361789 , -9.09114885144803
1186 , 3.10450183897429 , 42.8818524632741
1187 , 3.05222728562414 , -22.8263113308288
1188 , 3.07094828814398 , -15.4434818908309
1189 , 3.06560767240975 , -15.581761656165
1190 , 3.06610530781209 , -15.6209367939524
1191 , 3.06743704125911 , -15.6442884065685
1192 , 3.06849278999442 , -15.637634408756
1193 , 3.11135887013987 , 44.4296908649426
1194 , 3.07332494646424 , -1.06088918299673
1195 , 3.06817292925348 , -11.997613723045
1196 , 3.0688652200631 , -12.034292145173
1197 , 3.11663563000166 , 44.1073741404914
1198 , 3.11619333673936 , 41.8949568219098
1199 , 3.06955218723652 , -15.5720859076272
1200 , 3.07423082585983 , -11.9499059445362
1201 , 3.07709553961432 , -26.0285018668879
1202 , 3.09339581945465 , -6.45022531925047
1203 , 3.09617609935791 , -14.3398121038032
1204 , 3.08682116476884 , -12.3003653764239
1205 , 3.06711057144513 , -9.62879206675204
1206 , 3.11196108672686 , -8.79148722164693
1207 , 3.14981853071512 , 38.4275592990969
1208 , 3.11247715718488 , -9.49960983470144
1209 , 3.10968619951551 , -15.5703531192469
1210 , 3.12082942716178 , -25.6765151216505
1211 , 3.12426241843189 , -0.752312017113734
1212 , 3.17420385908472 , 40.9383350070078
1213 , 3.1670490036764 , 38.6943201105702
1214 , 3.12478202427678 , -9.50309379081843
1215 , 3.12855694261639 , -9.55175551427163
1216 , 3.13102804763498 , -9.57150967913358
1217 , 3.10888337857165 , -38.9965984074819
1218 , 3.1505602419682 , 4.15337942011702
1219 , 3.1510063111891 , 2.14985200418912
1220 , 3.20858213973286 , 53.3940250119402
1221 , 3.14718578758911 , -4.21846243917499
1222 , 3.15873011160135 , -2.91432051954131
1223 , 3.14838685516444 , -4.09735514827911
1224 , 3.19960201725949 , 41.4083447623927
1225 , 3.15600027817829 , -4.0605010212707
1226 , 3.19681949584139 , 35.4308718831508
1227 , 3.19748154603213 , 35.3697447872757
1228 , 3.14500836987286 , -22.8827299934983
1229 , 3.14475597286516 , -22.9207839880996
1230 , 3.14628180341457 , -22.944138182662
1231 , 3.11702113200523 , -15.5284954596186
1232 , 3.1711528964776 , -20.5395498334292
1233 , 3.22153769655866 , 39.3637178504126
1234 , 3.17015385925621 , -7.80517306123364
1235 , 3.22153769655866 , 39.3637178504126
1236 , 3.20144327601828 , 10.8508973051265
1237 , 3.17841165423239 , -8.65145961951359
1238 , 3.19043342457125 , -10.7073401071749
1239 , 3.19119866093257 , -2.51162975514829
1240 , 3.23568478862749 , 30.5510302351535
1241 , 3.19664823641052 , -8.88198429587073
1242 , 3.1979549963857 , -8.86283256465236
1243 , 3.19964690050268 , -8.90507895818281
1244 , 3.11102275056795 , -66.737412493234
1245 , 3.25803245790569 , 47.2834389667159
1246 , 3.11964562261626 , -66.9000180912018
1247 , 3.21314209993982 , -10.4412125429125
1248 , 3.22291225209927 , -5.1844878507885
1249 , 3.1724547747231 , -53.2982278585374
1250 , 3.26840469245872 , 41.3997188619253
1251 , 3.24570351379281 , 1.49750475096793
1252 , 3.18023329622456 , -58.1070551946956
1253 , 3.24549218939965 , -2.78288810284212
1254 , 3.24985553612933 , 2.71840082770766
1255 , 3.23377156256423 , -25.6859802777203
1256 , 3.24127110321484 , -21.9477554311504
1257 , 3.29580427177914 , 41.5732826350442
1258 , 3.24331241558447 , -21.7358215557
1259 , 3.30073814447091 , 41.4293157350855
1260 , 3.30349227078805 , 41.4490051757661
1261 , 3.20939004897678 , -55.1790237389386
1262 , 3.26817942778439 , -15.8412400917236
1263 , 3.26986574886208 , -15.0595314067467
1264 , 3.31248274222657 , 41.563906205205
1265 , 3.31704788115169 , 41.9013769203143
1266 , 3.27648845629208 , -2.3868541956377
1267 , 3.32507035056025 , 41.5109623339039
1268 , 3.32518370881187 , 41.5326317022204
1269 , 3.29533980166125 , -41.0704428173054
1270 , 3.32876789703058 , 41.5136957831544
1271 , 3.33239789310673 , 41.3969725308784
1272 , 3.33521935387944 , 41.5338915162335
1273 , 3.33675317247211 , 41.5833238769106
1274 , 3.34059037576092 , 41.5927188966618
1275 , 3.34267156741213 , 41.5546345642731
1276 , 3.343518706943 , 41.6857449674659
1277 , 3.34359520073719 , 41.6174049878473
1278 , 3.34434466264096 , 41.6068384401064
1279 , 3.3457263032708 , 41.5229246911422
1280 , 3.30892409494929 , -0.129279956128024
1281 , 3.34774283421064 , 41.6729143172351
1282 , 3.34930103301589 , 41.4100921026721
1283 , 3.35027711129968 , 41.4417474260052
1284 , 3.30512163193443 , -10.2498588708337
1285 , 3.30751776256911 , -7.25851871104587
1286 , 3.30613810602479 , -7.577418681634
1287 , 3.31886284489518 , -2.6913097342026
1288 , 3.29468782587082 , -32.5391415396355
1289 , 3.32348953663779 , -1.93379943690863
1290 , 3.33259366428008 , -13.9510765092909
1291 , 3.29533980166125 , -41.0704428173054
1292 , 3.31217249118039 , -27.5732181643776
1293 , 3.37276576911086 , 41.4361842053567
1294 , 3.37376315159802 , 41.4033903205185
1295 , 3.34317563149314 , -13.9598246712527
1296 , 3.3228172299501 , -13.0239298147777
1297 , 3.32919255027837 , -19.0622728830909
1298 , 3.34659415000391 , -2.07466432005494
1299 , 3.34541120114064 , -6.22335757312118
1300 , 3.33658808105423 , -19.3737803519213
1301 , 3.35182492173532 , -18.678368015905
1302 , 3.33902699998063 , -26.0234611458618
1303 , 3.35398433138306 , -7.35579033331846
1304 , 3.36303629777317 , -4.54510107209636
1305 , 3.36600042159682 , -2.27771062329873
1306 , 3.35903344015964 , -25.4753481367722
1307 , 3.36303629777317 , -4.54510107209636
1308 , 3.38419840549424 , -2.71881994213326
1309 , 3.37728073154961 , -15.3626028000843
1310 , 3.35824884720971 , -37.0660536573431
1311 , 3.34071754841617 , -52.1514599473303
1312 , 3.40478873650648 , 1.2229459876495
1313 , 3.30666329814673 , -66.4593424217195
1314 , 3.38761590137417 , -4.14816128203139
1315 , 3.39361634004468 , -21.338001256017
1316 , 3.38542210364863 , -37.1719677919454
1317 , 3.38620906499439 , -37.0675286550157
1318 , 3.38620906499439 , -37.0675286550157
1319 , 3.40749238250177 , -21.4906950868109
1320 , 3.42310068802729 , -3.00463028201926
1321 , 3.42310227395403 , -2.97740544925861
1322 , 3.42477479446377 , -2.88075185306372
1323 , 3.42516933066925 , -2.7838036147263
1324 , 3.42658164130287 , -5.707698384671
1325 , 3.41554541162649 , -21.5066341805982
1326 , 3.40631431690189 , -36.42859202863
1327 , 3.4312822105637 , -25.6435280030057
1328 , 3.43703824202721 , -4.08685571684873
1329 , 3.44274606986731 , -17.5553002116
1330 , 3.49733177579853 , 41.7168201366189
1331 , 3.44963544608726 , -21.3195699275243
1332 , 3.44652648377285 , -21.2984151981428
1333 , 3.50017468512112 , 31.4569039419206
1334 , 3.51327660541087 , 41.8735690431534
1335 , 3.51816949514525 , 41.6143120525581
1336 , 3.44958697115091 , -35.678289024187
1337 , 3.47750845520191 , -8.35165925947955
1338 , 3.49083427208228 , -12.1168816862312
1339 , 3.47612193581494 , -32.2506630264404
1340 , 3.47983128767813 , -31.0331356501194
1341 , 3.47341879656519 , -37.1147930949697
1342 , 3.54018569658128 , 37.4147316047657
1343 , 3.65131597222938 , 72.6131010428084
1344 , 3.47983128767813 , -31.0331356501194
1345 , 3.50078229075819 , -17.74358461484
1346 , 3.5131236229143 , -5.50660084828314
1347 , 3.50334076940515 , -22.2439619699513
1348 , 3.58240808613047 , 51.4493508098696
1349 , 3.53432639293918 , 4.41848809511365
1350 , 3.5263808806434 , -33.593079666298
1351 , 3.51711054169846 , -34.8191377320728
1352 , 3.53440113861516 , -19.2427627829103
1353 , 3.54268455352442 , -20.7841026192112
1354 , 3.55030381817775 , -15.1857096622758
1355 , 3.56601909465829 , -4.96253777692002
1356 , 3.5169831145615 , -50.2756769140746
1357 , 3.5637077349867 , -13.6293726732338
1358 , 3.57051374720745 , -5.0531619996999
1359 , 3.57185392280559 , -19.4563375335055
1360 , 3.56218281836486 , -25.8369525859235
1361 , 3.58099849213196 , -6.22896517686787
1362 , 3.57324434572794 , -20.2478070692994
1363 , 3.58961248260618 , -9.80717512184275
1364 , 3.59225159390762 , -9.80387741846653
1365 , 3.5674757354593 , -36.1073900665402
1366 , 3.5725986904728 , -31.159668325562
1367 , 3.59185678956408 , -24.899512136524
1368 , 3.59182768942971 , -15.6210265796104
1369 , 3.61980696753453 , -36.222831503494
1370 , 3.59584592131852 , -20.3392314265916
1371 , 3.59185678956408 , -24.899512136524
1372 , 3.62539332725183 , -15.8476128780633
1373 , 3.59044482187092 , -35.1379241149467
1374 , 3.59529920710335 , -35.1927167184052
1375 , 3.59535111638809 , -35.2327207046852
1376 , 3.62782408584254 , -5.00782295299081
1377 , 3.61930595949497 , -20.8676461506909
1378 , 3.60685202685422 , -35.1781507258983
1379 , 3.60838627431432 , -35.4079078675564
1380 , 3.61500962050282 , -34.942415743124
1381 , 3.61617456864116 , -35.2624511207141
1382 , 3.62651344000555 , -35.1628625461223
1383 , 3.63620121349875 , -18.30573347699
1384 , 3.66453743000533 , 15.8559130557308
1385 , 3.63282468083728 , -24.4694832829536
1386 , 3.6201362675833 , -35.9661534391585
1387 , 3.62320845230798 , -35.473113408622
1388 , 3.6454736510986 , -15.865665875826
1389 , 3.6272127562371 , -35.7129042643941
1390 , 3.63976668201669 , -18.9738900876896
1391 , 3.65666994070874 , -18.3210157003024
1392 , 3.63205398113674 , -37.0877689553278
1393 , 3.65263762924346 , -18.3951335477134
1394 , 3.66050703790902 , -18.2588404376215
1395 , 3.64987327307422 , -22.9940552964234
1396 , 3.64245776181137 , -35.4072604234737
1397 , 3.67259869178407 , -4.63534565318325
1398 , 3.65584968157551 , -26.3043711950999
1399 , 3.64867698665083 , -35.4173491471793
1400 , 3.66714612410558 , -18.6547960061781
1401 , 3.66439235188275 , -22.6914535113019
1402 , 3.66707375741722 , -18.4936719031208
1403 , 3.66136150499115 , -22.3558318884043
1404 , 3.65499479233027 , -35.5604989377566
1405 , 3.68077287056008 , -15.4975104970328
1406 , 3.66406155909937 , -31.2898139331282
1407 , 3.67856877620979 , -18.5471677319646
1408 , 3.66285941696948 , -35.4928238883018
1409 , 3.69594544112258 , -1.26757791168423
1410 , 3.69605675860438 , -1.26424578812233
1411 , 3.65222057653477 , -44.0686642612316
1412 , 3.68283142465886 , -26.8295010604211
1413 , 3.67868436780923 , -15.5769318574987
1414 , 3.69090474169925 , -21.6806332412397
1415 , 3.69081614750197 , -22.5315284623943
1416 , 3.69244373302387 , -22.6865615465454
1417 , 3.70873699204597 , -4.67140202722814
1418 , 3.7140132671488 , -4.69786623560192
1419 , 3.68544063020821 , -37.4793581642627
1420 , 3.72055515345877 , -5.81861417725335
1421 , 3.71712628941511 , -13.4547873908247
1422 , 3.70043348432703 , -21.6482627086684
1423 , 3.72054996926598 , -6.34810649539022
1424 , 3.73006952285929 , -4.69669982913716
1425 , 3.71097293400997 , -29.8623151586124
1426 , 3.72206636465881 , -22.0755374028421
1427 , 3.71263246347814 , -35.3612820325126
1428 , 3.71368215591652 , -35.1223936778489
1429 , 3.74398760807328 , -4.68466979518327
1430 , 3.73230919774295 , -18.1920491087622
1431 , 3.75462304736785 , 2.86950183562485
1432 , 3.77517046660193 , 24.4041367015443
1433 , 3.70632737903822 , -47.1909307367579
1434 , 3.779425372281 , -9.65060775687765
1435 , 3.78082143949441 , 23.7923289512081
1436 , 3.73422102413639 , -35.8229977951721
1437 , 3.73422102413639 , -35.8229977951721
1438 , 3.76305055712824 , -22.9706199577349
1439 , 3.7555470102992 , -21.8884904543447
1440 , 3.75944248155736 , -18.2343745232956
1441 , 3.77150006297934 , -4.05860695668532
1442 , 3.75944248155736 , -18.2343745232956
1443 , 3.77430827918197 , -4.0191982334785
1444 , 3.83752299901748 , 52.69984721987
1445 , 3.75813671181542 , -9.82310272613715
1446 , 3.77552700474176 , -4.07866513843148
1447 , 3.77232894377521 , -8.98572776613661
1448 , 3.7483297795868 , -44.6152981140679
1449 , 3.77705311770873 , -4.10507775748512
1450 , 3.76937067723382 , -9.20209433959022
1451 , 3.77819629812032 , -4.03619856366907
1452 , 3.76480540343012 , -18.601144987695
1453 , 3.78378629988244 , -3.93598972450619
1454 , 3.77494056086602 , -20.6200538782919
1455 , 3.76480540343012 , -18.601144987695
1456 , 3.8136063279178 , 22.5934164499617
1457 , 3.7483297795868 , -44.6152981140679
1458 , 3.79149630280429 , -18.2095443660889
1459 , 3.79085688347231 , -25.4903571764108
1460 , 3.77759809697893 , -36.6661513644521
1461 , 3.8162875209401 , -16.3614125191007
1462 , 3.85009172815868 , 7.00606386004327
1463 , 3.77465022673494 , -59.7805842646019
1464 , 3.86560118060806 , -15.3714726859571
1465 , 3.9043315307584 , 32.5275705825596
1466 , 3.74169595807577 , -71.6416222800108
1467 , 3.87389608483641 , -8.80658842058253
1468 , 3.87955641213905 , -6.31728026496017
1469 , 4.02701301126973 , 68.6136573927186
1470 , 3.87863530424375 , -8.96889219930845
1471 , 3.86560118060806 , -15.3714726859571
1472 , 3.90574694893626 , -8.5372960243066
1473 , 3.79146626323369 , -68.1912002461031
1474 , 3.9189298036725 , 10.7393429657513
1475 , 3.90644172202713 , -8.10337892680373
1476 , 3.8753119711829 , -44.5034743795562
1477 , 3.91005231409088 , -8.54374690074886
1478 , 3.91130351072665 , -8.52431837590361
1479 , 3.91483419658108 , -10.1781247669017
1480 , 3.91749786642441 , -10.227890125328
1481 , 3.91649470739701 , -20.397040736857
1482 , 3.91926653657983 , -20.472365106699
1483 , 3.88578140131492 , -47.4498545207047
1484 , 3.91191522637828 , -36.942236782338
1485 , 4.10503192343967 , 71.0318534769457
1486 , 3.94691656521948 , -21.791750706168
1487 , 3.93565841146131 , -42.3397938109972
1488 , 4.01238061772942 , 18.5985069593919
1489 , 3.96913186262294 , -19.1882599923308
1490 , 3.89445852674537 , -65.9901420124182
1491 , 4.06825089389697 , 51.3502999016982
1492 , 3.97751721558388 , -35.4180944386399
1493 , 3.96363844210549 , -46.1842552482208
1494 , 3.9674236007232 , -48.8821920263475
1495 , 3.97883057151492 , -44.4385669765434
1496 , 4.09025139412505 , 52.6953744326378
1497 , 4.04664656622303 , 23.165135096863
1498 , 4.01443418861178 , -11.9905498534996
1499 , 4.06658446306099 , 36.3919928353552
1500 , 3.97562361917893 , -52.3013146314012
1501 , 4.13312868066856 , 60.9554191488723
1502 , 4.14739127360669 , 62.3655941069809
1503 , 3.94417375386842 , -66.0133538144972
1504 , 4.05078054610711 , -9.30640246883979
1505 , 4.05264287942998 , -9.29337346518028
1506 , 4.01100529463399 , -52.5468332980249
1507 , 4.08391903760218 , -2.15985203681902
1508 , 4.1081803852339 , 25.440294038672
1509 , 4.07440664432526 , -11.1505195815317
1510 , 4.06534510650369 , -43.3736663335935
1511 , 3.9944299392781 , -67.6082579456989
1512 , 4.07132091434237 , -43.3229177202745
1513 , 4.17946377301367 , 49.5496084724292
1514 , 4.16682432656028 , 30.8071847168164
1515 , 4.07194249462544 , -54.0744327317732
1516 , 4.14467662967041 , -8.80218282400552
1517 , 4.16372753624446 , 8.6775130229889
1518 , 4.12199946370647 , -21.1528627737816
1519 , 4.14401316906912 , -17.1662104189633
1520 , 3.95280147925912 , -76.8065543608243
1521 , 4.14692304976931 , -21.0254418102716
1522 , 4.10704525596151 , -52.6443494895322
1523 , 4.10772910895132 , -54.0627342975323
1524 , 4.14467662967041 , -8.80218282400552
1525 , 4.14487070958652 , -8.80746418833953
1526 , 4.08827135596515 , -65.8148899508561
1527 , 4.14570975450724 , -47.8719794161694
1528 , 4.26986607776521 , 51.2425660516714
1529 , 4.12471117204564 , -62.874837362178
1530 , 4.41567037136178 , 75.325221606512
1531 , 4.20715054222001 , -32.8263093180572
1532 , 4.20845365318787 , -32.8485520808998
1533 , 4.16864812870686 , -56.0936867921725
1534 , 4.1486957284282 , -62.7729688356158
1535 , 4.24671351047717 , -12.7134833487707
1536 , 4.18753074165897 , -56.4586973010605
1537 , 4.23547862693552 , -31.6213785751883
1538 , 4.25784845542161 , -13.1661884218504
1539 , 4.32901415015739 , 26.8554595804281
1540 , 4.26069920587231 , -28.4587769777781
1541 , 4.29330384071423 , 0.861203556981602
1542 , 4.29743140005361 , 4.80818615535266
1543 , 4.21581594998321 , -57.7138693738549
1544 , 5.11775380973804 , 86.2431803779584
1545 , 4.36349520630266 , 50.2849454263791
1546 , 4.24772468775244 , -56.0373607608746
1547 , 4.29537201711826 , -17.8332450407157
1548 , 4.36806865527647 , 36.945582872183
1549 , 4.26678505095435 , -55.5687447009196
1550 , 4.337275776753 , 2.4348542102847
1551 , 4.337275776753 , 2.4348542102847
1552 , 4.3480397788201 , -0.667547453783488
1553 , 4.27385246964674 , -55.7569108702708
1554 , 4.3733288497926 , 19.5476613046439
1555 , 4.37699728320447 , 19.5609407573657
1556 , 4.30101487445 , -50.141874464872
1557 , 4.21965930225766 , -70.4101943548397
1558 , 4.34370007266705 , -45.0092657038103
1559 , 4.29594688530273 , -62.7618277146466
1560 , 4.56866544516327 , 71.9076050578089
1561 , 4.39237670505422 , -15.822330688145
1562 , 4.37199495071067 , -15.7320134447482
1563 , 4.39041243921777 , -15.7097915961815
1564 , 4.39235671103906 , -15.7159330304973
1565 , 4.39866125376126 , -15.7218625985803
1566 , 4.33785358542211 , -54.9156301513667
1567 , 4.35795761177973 , -48.2332198156432
1568 , 4.4155421573778 , -0.714137373953456
1569 , 4.53201193768752 , 64.8762963998531
1570 , 4.37531856399491 , -43.6085687383996
1571 , 4.37531856399491 , -43.6085687383996
1572 , 4.38507553572681 , -40.5796865054855
1573 , 4.60778774674315 , 73.2906917828722
1574 , 4.37020554960075 , -56.9533895418586
1575 , 4.44820441656709 , -10.0763151510199
1576 , 4.44815355314837 , -3.5976825246419
1577 , 4.44820441656709 , -10.0763151510199
1578 , 4.40128511707359 , -51.5787150101774
1579 , 4.51662798512345 , 35.30562577157
1580 , 4.48129807007026 , -5.15666768316196
1581 , 4.416812985447 , -54.9218250586349
1582 , 4.54341777347944 , 43.8012898213014
1583 , 4.4810486963304 , -17.5746619110448
1584 , 4.47813775441857 , -17.5023890243831
1585 , 4.46550454911109 , -42.1448776717179
1586 , 4.52047006469895 , -0.282936384302463
1587 , 4.52103678234241 , 0.684923367915273
1588 , 4.52206524532961 , 0.687685431898351
1589 , 4.52255114201794 , 0.885752116161021
1590 , 4.52991120946276 , 7.65378696913192
1591 , 4.4997631294034 , -26.6922879623926
1592 , 4.50248049157236 , -27.3876542294184
1593 , 4.54494961340736 , 0.589820927216326
1594 , 4.52378533238817 , -5.77599106422138
1595 , 4.47823020532265 , -47.7955881701986
1596 , 4.46485646042876 , -55.0067239720615
1597 , 4.52948213035383 , -11.2687808037273
1598 , 4.48151205267996 , -47.7628590615095
1599 , 4.53700905989145 , -4.56692041691523
1600 , 4.5372799862473 , -5.06558071421395
1601 , 4.53778189506731 , -5.0380859732812
1602 , 4.46940336375697 , -55.0370724160905
1603 , 4.54005728723712 , -5.07229109921759
1604 , 4.54242699567825 , -5.34790811948775
1605 , 4.59509597945069 , 45.2970028071795
1606 , 4.54378425467641 , -5.01039909831757
1607 , 4.5437683997321 , -4.43895793372822
1608 , 4.54494961340736 , 0.589820927216326
1609 , 4.55541390221643 , -4.35051980194198
1610 , 4.555315970597 , -4.56053742844252
1611 , 4.56119735450827 , -4.27560319634625
1612 , 4.56323382640005 , -4.15062339982018
1613 , 4.56661670601036 , -4.24374025682206
1614 , 4.57589802517581 , -8.55843489608395
1615 , 4.61186703992062 , 19.9737255591774
1616 , 4.55108934267848 , -43.6962603436182
1617 , 4.53199653426698 , -54.5832990841673
1618 , 4.61150254392017 , -3.12794994895004
1619 , 4.6127187323007 , -4.81201059882787
1620 , 4.62021286713874 , -0.123364721437738
1621 , 4.61648570899411 , -4.96624970376184
1622 , 4.61983410042004 , -3.16780616864501
1623 , 4.60120700218461 , -13.5364737493926
1624 , 4.69157903306819 , 50.4862123228801
1625 , 4.62807656655023 , -3.28350124623951
1626 , 4.61648570899411 , -4.96624970376184
1627 , 4.63674394678716 , -4.86794712513703
1628 , 4.63625602700296 , -4.69570162283946
1629 , 4.49160136779717 , -71.8192975604531
1630 , 4.62947104353357 , -18.8828963868855
1631 , 4.6484167779582 , -20.631658667451
1632 , 4.67547739934951 , -9.43673458814428
1633 , 4.67960722207334 , 7.37030290406184
1634 , 4.67980090935238 , 7.35946526381663
1635 , 4.67871741208081 , -0.527376787006627
1636 , 4.68712206195789 , -8.58878845813569
1637 , 4.70086272979411 , -2.8384937849043
1638 , 4.70321472588027 , -1.78899049540419
1639 , 4.6898661322782 , -16.973136890718
1640 , 4.71243080375181 , -20.4170897471517
1641 , 4.59419457086615 , -65.7344537122475
1642 , 4.72519235219365 , 0.638108840191005
1643 , 4.73838594771869 , -5.30041939363229
1644 , 4.62859861845198 , -66.1799894618474
1645 , 4.7445982429179 , -5.44664166405355
1646 , 4.74915750308932 , -8.51337147222126
1647 , 4.77297736714812 , 19.1369193972424
1648 , 4.75227235947291 , -8.46036095371418
1649 , 4.63945983420339 , -68.6562886076183
1650 , 4.76192290954229 , -15.8527937785718
1651 , 4.62444155618073 , -70.5685643535382
1652 , 4.63945983420339 , -68.6562886076183
1653 , 4.77292889864643 , -2.37459196462515
1654 , 4.77320077860286 , -2.06512380368351
1655 , 4.79807303405596 , 20.9436418537079
1656 , 4.77434557758122 , -5.11847272958203
1657 , 4.77845178181396 , -2.05881763295151
1658 , 4.73999849299477 , -41.4477056696687
1659 , 4.78456520881668 , -4.7708261009991
1660 , 4.74277131230871 , -41.4819152984366
1661 , 4.79523233277736 , -2.03713812112877
1662 , 4.81816697104086 , 10.9626151623899
1663 , 4.83419381369509 , 13.1520164095209
1664 , 4.86533875380024 , 43.6972515667896
1665 , 4.81424376342244 , -5.40996599332303
1666 , 4.81855137461613 , -6.55235762748585
1667 , 4.81973588864777 , -6.30318802589294
1668 , 4.77423065073086 , -44.7175511655839
1669 , 4.71770162391603 , -65.7985911979668
1670 , 4.83821306549544 , -2.74288715000386
1671 , 4.83598264566511 , 0.270757340890735
1672 , 4.76506695429791 , -59.2328517110804
1673 , 4.71010965761133 , -69.8057219523074
1674 , 4.8853158427806 , 23.9266973435615
1675 , 4.8853158427806 , 23.9266973435615
1676 , 4.73134024364859 , -68.8124334508405
1677 , 4.85731255316123 , -4.87532776726728
1678 , 4.86955892166092 , -2.60615351337793
1679 , 4.83946759327209 , -31.9523718080713
1680 , 4.81482562326923 , -47.8021983667767
1681 , 4.87341482799064 , -5.78677666660316
1682 , 4.88183068065479 , -3.08889366000851
1683 , 4.88122535333768 , -3.00776539483936
1684 , 4.88499782408693 , -3.08922211806061
1685 , 4.88587007713088 , -2.93338874897973
1686 , 4.89065707695081 , -15.3311856134894
1687 , 4.86304579011079 , -33.924804242973
1688 , 4.80953796433944 , -59.7857789891651
1689 , 4.81973588864777 , -6.30318802589294
1690 , 4.91539496933439 , 1.65683453073099
1691 , 4.92078963937605 , 3.28412163801335
1692 , 4.93163533222918 , -20.5569624377649
1693 , 4.79340590754056 , -69.3292410354874
1694 , 4.93091791776389 , -4.6367639105619
1695 , 4.7949711655087 , -69.3595438719253
1696 , 4.80820374772542 , -68.2289122937187
1697 , 4.80981869257262 , -68.5439407189952
1698 , 4.81732284679162 , -69.0996147617201
1699 , 4.95944010391644 , -4.74223168568189
1700 , 4.95851518895292 , -4.85028205339937
1701 , 4.93843636894393 , -29.8702048585383
1702 , 4.82334557038166 , -69.8369352052996
1703 , 4.88407945585068 , -59.7297262256482
1704 , 4.83111781223939 , -69.7426088876313
1705 , 4.90833375625894 , -53.3477418588347
1706 , 4.87731396402389 , -62.9730055099429
1707 , 4.98293631408111 , 8.25525383668644
1708 , 5.07151366112145 , 52.8416139361571
1709 , 4.98877740045388 , -0.46287693172594
1710 , 4.96346732746615 , -15.2748462116626
1711 , 4.84228096687042 , -69.971951249598
1712 , 4.84880604904477 , -69.3939991130713
1713 , 4.9917493808724 , -0.473759339268209
1714 , 4.86946693784807 , -66.9123628836555
1715 , 4.87005748993874 , -66.8957063884685
1716 , 4.9787345710899 , -20.3499230942132
1717 , 4.98877740045388 , -0.46287693172594
1718 , 4.87412908826975 , -67.0377164127606
1719 , 5.00282209780012 , -0.24586210427074
1720 , 4.99838398555025 , -7.84507355866727
1721 , 4.9972828404089 , -11.1044968012523
1722 , 4.86127577041712 , -69.3850288079714
1723 , 4.99965413016789 , -10.9667458591957
1724 , 5.07380625029631 , 49.5099041857845
1725 , 4.99880956619687 , -11.118134231855
1726 , 5.00433643807798 , -7.74099430160837
1727 , 4.8694707493158 , -69.3257142321396
1728 , 5.00017128214838 , -11.1095442928305
1729 , 5.014017247147 , -3.33882160777539
1730 , 5.00089886529981 , -15.8099346782918
1731 , 4.8927046404594 , -66.9124553079717
1732 , 4.88589107196492 , -68.6370766451115
1733 , 4.90189247590725 , -66.6700923860609
1734 , 4.89221331698224 , -68.7560698060332
1735 , 4.90584006615559 , -67.0871064552361
1736 , 4.88369897124216 , -68.0403742457398
1737 , 4.89871150270769 , -69.1617231705242
1738 , 5.0381610264846 , -18.1448797980022
1739 , 5.03838246509121 , -18.1546068730508
1740 , 5.04155088623653 , -3.2820400476591
1741 , 5.03703674465386 , -4.24510771919438
1742 , 5.04316309682276 , -3.27345425056418
1743 , 4.90019683999417 , -69.1864719448742
1744 , 5.00725618213212 , -26.0102226982242
1745 , 4.90507755839293 , -69.1462710313016
1746 , 5.07565243015693 , 23.7713561449696
1747 , 4.92005067899682 , -67.1564934287809
1748 , 4.9058959118687 , -69.1723958410131
1749 , 4.91541853677124 , -68.1764264818225
1750 , 5.07675524554463 , 23.6741076517425
1751 , 4.90232113846304 , -69.7937318917274
1752 , 5.04533052342366 , -8.22753110950966
1753 , 5.05196506877601 , -3.33110221179395
1754 , 4.90354729075434 , -70.4290288805475
1755 , 4.92063030478297 , -68.1917878652201
1756 , 4.91314032448456 , -69.2250070306589
1757 , 5.05383748801277 , -4.70958757226405
1758 , 5.0865476953828 , 23.8195156300139
1759 , 5.02026191294248 , -38.6620017532501
1760 , 4.94627282166753 , -66.5155137821126
1761 , 4.94446192546385 , -66.4668743557603
1762 , 5.07032181373363 , 1.58709903769732
1763 , 4.94765749946992 , -66.397201721489
1764 , 4.9411229297206 , -67.6818317329652
1765 , 4.97570061544735 , -62.0162086483669
1766 , 4.93138587954704 , -70.2130799024355
1767 , 4.94011634958371 , -69.3884902142009
1768 , 4.94984170574909 , -68.2375264196302
1769 , 4.96304295241349 , -66.4518887053005
1770 , 4.95408575297452 , -68.4062043581128
1771 , 4.98396784087434 , -63.2869148906621
1772 , 4.94710699587333 , -69.5441586828784
1773 , 4.97047420702805 , -66.3475649858009
1774 , 4.96885279488017 , -67.2308803433379
1775 , 4.94672246769452 , -70.41776366232
1776 , 4.97835630333798 , -66.4182460678388
1777 , 4.925539273828 , -74.2732635043902
1778 , 5.14799193679222 , 37.0386562157806
1779 , 5.09759962359301 , -9.1353985261859
1780 , 5.11422302960064 , -19.4556494079439
1781 , 5.14054818732981 , -18.1790357239862
1782 , 4.96338585102428 , -69.3805248603609
1783 , 4.98660012217656 , -65.973925767859
1784 , 5.09992430432673 , -11.8589951904444
1785 , 4.97593258553136 , -68.8321134087524
1786 , 4.98554786316457 , -67.7339245813745
1787 , 5.00257616259472 , -65.7505701689017
1788 , 5.12447042081228 , -3.32866917732822
1789 , 4.96177711343658 , -71.8891170636424
1790 , 5.20070056882746 , 52.0746757176087
1791 , 4.98386224955878 , -70.1575186850071
1792 , 5.09389007872605 , -37.9692558893637
1793 , 4.99302525781436 , -69.5465511620567
1794 , 5.14054818732981 , -18.1790357239862
1795 , 4.99529897966514 , -69.7902002907576
1796 , 5.0477574797091 , -61.1292841889641
1797 , 5.1384904572589 , -8.00707929866005
1798 , 5.2088369867463 , 47.7113888385152
1799 , 5.1383830338671 , -7.95707377874511
1800 , 5.11441883096861 , -31.9439824068707
1801 , 5.00862346122963 , -69.6029083334333
1802 , 5.18181739095903 , 24.1279741043021
1803 , 5.09581668158903 , -49.5575483748084
1804 , 5.01689245428717 , -69.071928756535
1805 , 5.04002297286576 , -66.10171951932
1806 , 5.03637789004203 , -67.9733439904663
1807 , 5.18979431452411 , 16.5348860185894
1808 , 5.13524496645714 , -37.5035068791502
1809 , 5.03383168716735 , -69.5577503755369
1810 , 5.05709346247766 , -66.3717168276054
1811 , 5.15275927898741 , -29.2663833607522
1812 , 5.15562289490507 , -29.2417061676457
1813 , 5.04312749520878 , -70.3076224758633
1814 , 5.06311602466738 , -67.2907046436792
1815 , 5.0392997262309 , -70.6106178979687
1816 , 5.06432881041702 , -67.2507260744013
1817 , 5.21870090447782 , 16.6960911558022
1818 , 5.0713701633299 , -66.424440909438
1819 , 5.20643400223898 , 5.21270747545243
1820 , 5.06735263675664 , -67.256053889518
1821 , 5.204928440652 , -15.124293063923
1822 , 5.08657337524135 , -66.2007941978554
1823 , 5.05549932733257 , -70.3253178044946
1824 , 5.11848110101211 , -59.7159438421229
1825 , 5.07137337583148 , -68.9080689760238
1826 , 5.0934502743713 , -66.2214558009219
1827 , 5.17472085654278 , -36.9510595778218
1828 , 5.07158332754325 , -69.378353080082
1829 , 5.08243245348948 , -68.0457381705653
1830 , 5.07644141673506 , -69.3303728998465
1831 , 5.10571143709491 , -64.9091437719928
1832 , 5.20960780849861 , -15.6788560734563
1833 , 5.07101755231529 , -70.721681862604
1834 , 5.08570682825297 , -69.1977408301228
1835 , 5.08401267594357 , -69.3943830521176
1836 , 5.09243700259052 , -68.6183996116453
1837 , 5.08049622536123 , -70.7043266619717
1838 , 5.10180713834589 , -68.4357719982755
1839 , 5.10018423277486 , -68.6174163580663
1840 , 5.08624913785389 , -71.7533109941011
1841 , 4.72860086446218 , -83.9815835143385
1842 , 5.12191049175659 , -67.2641414473693
1843 , 5.24419057227128 , -10.6167977071474
1844 , 5.12535774639883 , -67.3144736894223
1845 , 5.08504252194567 , -70.5860656744385
1846 , 5.12640373654051 , -67.4494898436186
1847 , 5.11826785813501 , -68.9621452072673
1848 , 5.1221842763834 , -71.1863822073051
1849 , 5.16030577613113 , -66.3072502472613
1850 , 5.14520447883924 , -68.7528525578894
1851 , 5.24154932629257 , -40.038675636249
1852 , 5.15656987357327 , -67.7688603745186
1853 , 5.20795724732943 , -57.3914937608204
1854 , 5.15493174005819 , -68.8388429760842
1855 , 5.15493174005819 , -68.8388429760842
1856 , 5.15738726647015 , -69.1191599977352
1857 , 5.34830004550982 , 39.348022257202
1858 , 5.16501025628951 , -68.8912275553294
1859 , 5.19321745504619 , -65.2416498374569
1860 , 5.17708596600332 , -68.7439149017011
1861 , 5.17105204965325 , -70.7688249987764
1862 , 5.21027694513619 , -66.1466566779364
1863 , 5.19375998567223 , -68.7189024850661
1864 , 5.21129410628038 , -67.6136225416845
1865 , 5.20637060786128 , -68.7632749416283
1866 , 5.22847967065395 , -65.4580495137896
1867 , 5.2290710631032 , -66.2866766185462
1868 , 5.24500880842115 , -63.9477489615415
1869 , 5.23243254877555 , -67.3720202565607
1870 , 5.21864791940818 , -69.1093053844312
1871 , 5.23111992283587 , -67.4453285821712
1872 , 5.21875712090999 , -69.3095825983408
1873 , 5.23225975127577 , -67.3270131196244
1874 , 5.21897325161067 , -69.3687561675429
1875 , 5.37314608927548 , 6.6981466086657
1876 , 5.22086863533286 , -69.3568404261807
1877 , 5.22654989721862 , -69.3758236116713
1878 , 5.21256556352682 , -70.4639319165434
1879 , 5.33736385637631 , -32.1356533545047
1880 , 5.22660765907153 , -69.3719313153666
1881 , 5.22637783815174 , -69.288038994758
1882 , 5.25994007917341 , -66.1227259118346
1883 , 5.44616789348393 , 46.5020049365264
1884 , 5.25994007917341 , -66.1227259118346
1885 , 5.25090900063414 , -68.9706557636309
1886 , 5.37150026301948 , -23.8031923980575
1887 , 5.26891037503154 , -66.3117598257765
1888 , 5.38532608446681 , -11.4927927638455
1889 , 5.38557633598837 , -11.4894626266051
1890 , 5.22670130096346 , -72.0705513952245
1891 , 5.36362704438898 , -35.7098831537169
1892 , 5.28711336199076 , -64.9537074122978
1893 , 5.39168078750738 , 33.423410053418
1894 , 5.26323833079823 , -69.4616857185159
1895 , 5.28133058497462 , -67.3230790591754
1896 , 5.43834802906359 , 29.2711265300403
1897 , 5.29238147084643 , -67.4424231192854
1898 , 5.27731868772528 , -69.6496872342739
1899 , 5.29593537582487 , -67.8935958822652
1900 , 5.32113021092536 , -63.0175675116754
1901 , 5.30371405442172 , -68.4270514226793
1902 , 5.30576265832543 , -66.6212410652375
1903 , 5.28861274959946 , -69.3287595578903
1904 , 5.41099449128938 , -24.5174961258417
1905 , 5.30668206224238 , -67.2718147534322
1906 , 5.4218449847135 , -15.9362362260082
1907 , 5.48091121375241 , 35.3356923772739
1908 , 5.44135988712255 , -2.5215835946964
1909 , 5.07857141937935 , -7.2371516709746
1910 , 5.30572105523308 , -69.2270860082148
1911 , 5.34285148513761 , -66.7729482275609
1912 , 5.4915017883158 , 35.8650073045282
1913 , 5.30432504623156 , -69.5304000331738
1914 , 5.29223944701085 , -71.249374724476
1915 , 5.3287517652635 , -66.8154996595201
1916 , 5.30914846236869 , -69.4007512076957
1917 , 5.31623755635335 , -68.9939209439368
1918 , 5.31749703992175 , -69.656444089674
1919 , 5.33838831698913 , -66.8756578942659
1920 , 5.34285148513761 , -66.7729482275609
1921 , 5.32178276337448 , -69.7817924403204
1922 , 5.32950558949343 , -69.4941392154177
1923 , 5.36038328130071 , -65.481276801916
1924 , 5.4767681641335 , -5.30379503551062
1925 , 5.35855568585284 , -65.7995845006367
1926 , 5.34176609267877 , -69.5185011718475
1927 , 5.48792927747221 , -8.37117683547606
1928 , 5.34801306785422 , -69.4724906838086
1929 , 5.36013854106962 , -67.9001788767988
1930 , 5.43792965431726 , -46.7237902802952
1931 , 5.53669129646164 , 34.2540952211518
1932 , 5.37209663102811 , -66.1486906056297
1933 , 5.37487485668358 , -66.1470686699689
1934 , 5.36312167072317 , -67.9318916807768
1935 , 5.36611098588799 , -67.9522186093842
1936 , 5.37048916519202 , -67.9709012736911
1937 , 5.3745851678707 , -67.8895781637874
1938 , 5.35557076288607 , -69.9339991626374
1939 , 5.35609259095909 , -69.9442869934592
1940 , 5.37898593052766 , -67.1815869249091
1941 , 5.38602259334328 , -66.3736427938584
1942 , 5.41389562464733 , -63.9376811925662
1943 , 5.37321216095827 , -70.1498367044054
1944 , 5.36285949959184 , -72.4891207217105
1945 , 5.41576624616535 , -66.4380110214305
1946 , 5.42173106024457 , -66.3903294867146
1947 , 5.44804049269671 , -63.7568397503005
1948 , 5.43009180265705 , -66.2626839864304
1949 , 5.41755584568892 , -68.4666570979157
1950 , 5.40788576165046 , -69.8978947612669
1951 , 5.4356654746794 , -66.5930495428065
1952 , 5.58723044899169 , 22.0215459978755
1953 , 5.42371728757217 , -68.8339825429616
1954 , 5.55566574537763 , -14.0577422629311
1955 , 5.43610307387568 , -67.4933419075344
1956 , 5.31766419229614 , -77.7236623155385
1957 , 5.5575491420196 , -14.1280561845973
1958 , 5.42389437963379 , -69.8325957760644
1959 , 5.4255340274326 , -69.9226237102223
1960 , 5.61780593797328 , 34.1485409491452
1961 , 5.72267855367728 , 69.3873699533245
1962 , 5.43757605169927 , -68.8336453250745
1963 , 5.54355124768263 , -36.3800649656446
1964 , 5.56433224264842 , -21.9415048492854
1965 , 5.44073179183804 , -68.8023112622285
1966 , 5.44538985386957 , -68.8159987968368
1967 , 5.44453940081888 , -69.0976492961958
1968 , 5.45728394695611 , -67.4572912938085
1969 , 5.44105468048572 , -69.8373181456771
1970 , 5.44726960274607 , -68.8326947481201
1971 , 5.44463089401682 , -69.8476551113102
1972 , 5.44522210023883 , -69.8343320645654
1973 , 5.59429220797508 , -4.72736259641791
1974 , 5.46680079840336 , -67.4193933032633
1975 , 5.59796254464084 , -4.67880867379283
1976 , 5.59765992254116 , -5.38580639047728
1977 , 5.59795262737569 , -4.81215255247838
1978 , 5.47979189978927 , -66.2337588533281
1979 , 5.57513210845308 , -23.3067726785475
1980 , 5.60003785305454 , -5.90588892834042
1981 , 5.59562060327209 , -4.4204147168619
1982 , 5.60161402230669 , -5.2630841762367
1983 , 5.46151742906444 , -68.9823689575697
1984 , 5.46051796049488 , -69.1306845100964
1985 , 5.64260664885649 , 31.9959789193758
1986 , 5.45947131795667 , -69.9690001119147
1987 , 5.45293318541393 , -70.7336244027436
1988 , 5.6356682480201 , 21.224820561341
1989 , 5.58063694651849 , -30.7976000878451
1990 , 5.6134442724177 , -1.19682851618228
1991 , 5.46680079840336 , -67.4193933032633
1992 , 5.58296068576192 , -30.8940311778119
1993 , 5.59900879916014 , -17.8115106281907
1994 , 5.47184531658896 , -69.1383663462337
1995 , 5.55614361424543 , -48.6718835126819
1996 , 5.64822052122068 , 25.8242008139681
1997 , 5.51131669399758 , -63.2011865537582
1998 , 5.5595847883733 , -48.6927720591035
1999 , 5.61653478038571 , -6.71178423896497
