3000 , 9.82679096084424 , 44.0765199541136
3001 , 9.78066436752552 , -30.492231842969
3002 , 9.82842222984034 , 44.0015026032212
3003 , 9.82175667175108 , 33.3665839837031
3004 , 9.82981453522283 , 44.0564901884492
3005 , 9.83336828734169 , 44.0753438684221
3006 , 9.83399703950255 , 43.9703342135087
3007 , 9.80589600385131 , -6.49345387359708
3008 , 9.83869406088789 , 44.0475112935025
3009 , 9.84900668575891 , 44.2399153252639
3010 , 9.85547549036587 , 44.2681831604593
3011 , 9.83978249555016 , 32.1661009594433
3012 , 9.84296470721472 , 34.6591813840114
3013 , 9.84769460285596 , 33.5141067718691
3014 , 9.82882755839935 , -4.79865950749812
3015 , 9.83325877326565 , 1.08936920564965
3016 , 9.84143371145531 , 12.6393788556521
3017 , 9.82757124389514 , -2.87725721911357
3018 , 9.83843224359874 , 0.566820327302706
3019 , 9.8460457922272 , 12.6901700613504
3020 , 9.84585479457757 , 12.7576719056947
3021 , 9.86099055687294 , 33.4984242948332
3022 , 9.83753396176219 , -5.22234824799139
3023 , 9.84148743714468 , 0.56290379620853
3024 , 9.85162891459984 , 12.7095621309529
3025 , 9.83401581446954 , -21.7972336991425
3026 , 9.86003078021638 , 28.4955523921696
3027 , 9.94571295494854 , 72.1487138549705
3028 , 9.8411285619775 , -19.2403737739672
3029 , 9.82480561901677 , -8.10695507508767
3030 , 9.84594636124132 , -12.281850979396
3031 , 9.94256010648446 , 69.0116858395114
3032 , 9.88041957364744 , 29.1806459856087
3033 , 9.81784245868088 , -56.4667181016634
3034 , 9.94845932680418 , 69.6274855530897
3035 , 9.87516659240341 , -6.87906767284943
3036 , 9.82721856335167 , -62.7305077553802
3037 , 9.86579178671966 , -27.0668830817276
3038 , 9.86303772393956 , -32.8095512573375
3039 , 9.88513080221347 , 2.09723944571552
3040 , 9.89572184696985 , 19.3764543194795
3041 , 9.89617909267959 , 16.6211376997769
3042 , 9.89915691582652 , 0.641277775587179
3043 , 9.95155783510296 , 59.2512766388918
3044 , 9.90491329366727 , 1.52289559266263
3045 , 9.89769732863347 , -18.7003024150284
3046 , 9.89823694101246 , -27.392422811267
3047 , 9.91902371353601 , -1.34778757889226
3048 , 9.92654959004926 , 16.3994681165385
3049 , 9.92430208253777 , 9.21525816748879
3050 , 9.72880595107218 , -10.4380298238108
3051 , 9.90863353528076 , -27.3425077871322
3052 , 9.91723180844135 , -18.6954653670541
3053 , 9.9368510826955 , 16.3765955571409
3054 , 9.9171255754156 , -25.7600995153334
3055 , 9.93196225824787 , 4.2126653078888
3056 , 9.91811942459224 , -28.3547912388414
3057 , 10.1181254648625 , 80.2284546870926
3058 , 9.90305938976727 , -12.5387288294446
3059 , 9.83869719293871 , -73.9760863414986
3060 , 9.94953171251507 , 16.7745416025493
3061 , 9.95662651716327 , 75.8109571880828
3062 , 9.95348987839958 , 1.37219335818813
3063 , 10.0457335195897 , 72.061333655161
3064 , 9.93810748142277 , -6.42099993441125
3065 , 10.0494960352476 , 72.1135229099162
3066 , 10.0536025577839 , 72.0690378707408
3067 , 9.984260430496 , 32.3130630795263
3068 , 9.98923102620983 , 28.8210116615218
3069 , 9.97634012200796 , 10.3756378438432
3070 , 9.97917077417785 , 10.3031126855037
3071 , 9.99293420922676 , 31.5638000980912
3072 , 9.96608015592284 , -19.4116903582709
3073 , 10.0280592518343 , 55.561536821927
3074 , 10.0065649794473 , 35.3362467038729
3075 , 9.99305634409595 , 14.3621861366664
3076 , 9.96996174492576 , -18.2353460567277
3077 , 10.0717911447716 , 68.6781950211312
3078 , 9.98260230440109 , -26.983105411693
3079 , 10.0462363874483 , 55.6244228458359
3080 , 10.0095511628051 , 12.9867531098795
3081 , 10.0008401272109 , -22.8833114471482
3082 , 9.99034019897289 , -30.4144945038253
3083 , 10.0071890480318 , -2.9349254183479
3084 , 9.99415488164222 , -27.1854139257858
3085 , 10.0008639334566 , -19.5500228332357
3086 , 10.0131024551663 , -3.03330769905343
3087 , 9.99451857725064 , -34.2825077180308
3088 , 10.0300596022575 , 22.3486058776933
3089 , 10.0025782446155 , -28.3882364359933
3090 , 10.0184642291624 , -3.02612991590022
3091 , 10.0133626637272 , -19.6940099599356
3092 , 10.0232403463375 , -3.06978048633916
3093 , 10.0249367315994 , -3.02896120749511
3094 , 10.0346566115984 , 15.7123885800543
3095 , 10.0105190415959 , -31.6104602939615
3096 , 10.0186409316158 , -19.7196064307544
3097 , 10.0852505786916 , 60.0686307099824
3098 , 10.0491590807756 , 24.6537431288866
3099 , 10.0550693794335 , 32.649643467967
3100 , 10.0202695252064 , -31.7213659786819
3101 , 10.0366024112163 , -3.0523906520379
3102 , 10.0896014316895 , 60.0505305396824
3103 , 10.0202695252064 , -31.7213659786819
3104 , 10.0779457189761 , 40.6995904767007
3105 , 10.0184046186074 , -54.8441123893473
3106 , 10.0796093705798 , 31.1280122247146
3107 , 10.0835846239944 , 13.5639000135502
3108 , 10.0503698503886 , -31.7332589386119
3109 , 10.0610344651268 , -26.2159450942385
3110 , 10.077146434395 , -6.53270078289621
3111 , 10.114612728516 , 47.2052374381633
3112 , 10.0758125292318 , -20.8400333144964
3113 , 10.0830039887705 , -28.5024565185092
3114 , 10.0519011076326 , -60.1566936656604
3115 , 10.0971596165958 , -7.77618364478382
3116 , 10.1239672020243 , 31.0401200889919
3117 , 10.1131777695128 , 2.85502511426001
3118 , 10.1313992118363 , 32.9689748595638
3119 , 10.1251042737462 , 14.3155002895212
3120 , 10.0985319577247 , -34.278559945276
3121 , 10.1251042737462 , 14.3155002895212
3122 , 10.077146434395 , -6.53270078289621
3123 , 10.1273538291468 , 0.00880892104786543
3124 , 10.1206101023854 , -19.2798411578727
3125 , 10.1182922610179 , -29.9935183149325
3126 , 10.1505462985548 , 31.8051799405504
3127 , 10.1164730323273 , -16.184298045115
3128 , 10.1099990516921 , -16.1809157426145
3129 , 10.1495370634187 , 18.3730989317441
3130 , 10.1472926789742 , 9.91808184575492
3131 , 10.1542501467519 , 18.1725036645478
3132 , 10.1257395570967 , -40.4938817978974
3133 , 10.1299594540198 , -12.0236186214904
3134 , 10.218699645946 , 12.3177921014645
3135 , 10.1941414863641 , 45.8920029611903
3136 , 10.1025709169527 , -67.4343050477076
3137 , 10.1611863015724 , -29.1219033244147
3138 , 10.164382742575 , -12.015823971604
3139 , 10.1778644876898 , -11.8364825745902
3140 , 10.1673306505781 , -16.6863387913822
3141 , 10.1651061006475 , -16.7115988110603
3142 , 10.1783386381956 , -8.53819032537303
3143 , 10.1775032358897 , -12.6406366104865
3144 , 10.2766907133995 , 74.1620669639927
3145 , 10.1791752773514 , -12.4931512868435
3146 , 10.1955202885443 , -20.9295297088452
3147 , 10.298734810744 , 73.3415692599375
3148 , 10.2415377721092 , 50.4380834643845
3149 , 10.0616749075497 , -80.4783193546923
3150 , 10.2357609220623 , 38.5990058309679
3151 , 10.2365357168163 , 38.5612209076031
3152 , 10.2379652879827 , 38.7845461889071
3153 , 10.224653933522 , 12.6074676928398
3154 , 10.2277619635756 , 16.9752321872264
3155 , 10.3120737999192 , 74.2889834819933
3156 , 10.2217072226685 , 3.07056027100701
3157 , 10.2041587013399 , -31.7013116907883
3158 , 10.2425120858081 , 38.7064513206981
3159 , 10.2431441238407 , 38.595890732188
3160 , 10.243821685178 , 38.7836637623677
3161 , 10.2448923186294 , 38.5986526126836
3162 , 10.2364335447121 , 22.677973142554
3163 , 10.2471123066291 , 38.5936342603167
3164 , 10.2665368655436 , 56.6132958219007
3165 , 10.2356865179664 , 3.31573039131617
3166 , 10.2396048677013 , 3.36653364734869
3167 , 10.2545922152562 , 29.5370560338504
3168 , 10.2868609623433 , 60.1759961127393
3169 , 10.24771633594 , 3.4075831424885
3170 , 10.2829892757265 , 46.5532029012262
3171 , 10.2697216893281 , -20.706721944791
3172 , 11.8290058439973 , 89.029130642355
3173 , 10.2522894509076 , -27.7522880105417
3174 , 10.2766907133995 , 74.1620669639927
3175 , 10.2542728248628 , -28.9300518078627
3176 , 10.2644156054559 , -19.0917159241587
3177 , 10.2870683894585 , 21.0633939257404
3178 , 10.2789464377671 , -15.8504853254717
3179 , 10.3111281902787 , 41.0550918773184
3180 , 10.3148964705719 , 41.3895104347833
3181 , 10.3151161758313 , 41.3536734520378
3182 , 10.3392591667015 , 58.1466134789069
3183 , 10.3808759544245 , 74.117838763373
3184 , 10.3166426723641 , 41.3636605912885
3185 , 10.3049451862063 , 21.6288142088118
3186 , 10.2752492226013 , 6.90486111187151
3187 , 10.3075342559044 , 21.814072487646
3188 , 10.3419024961038 , 57.3635110486261
3189 , 10.3121142086907 , 21.7723691909242
3190 , 10.312502935742 , 21.7729228441293
3191 , 10.330343113861 , 46.3953074462177
3192 , 10.330343113861 , 46.3953074462177
3193 , 10.317837087093 , 21.8339933164863
3194 , 10.3120737999192 , 74.2889834819933
3195 , 10.1555529941362 , -80.9147579503451
3196 , 10.324797926437 , 27.6095332567343
3197 , 10.2611946967695 , 77.7620515345117
3198 , 10.3440941595278 , 45.4901782071599
3199 , 10.2875254758886 , -58.0083081259429
3200 , 10.3197191992875 , -18.0418362606743
3201 , 10.3019592238007 , -46.4693250095382
3202 , 10.3541017195695 , 42.9614411006274
3203 , 10.3353137047815 , -26.7584179737433
3204 , 10.3476249345784 , 27.7571348409764
3205 , 10.3592043257782 , 42.9116790372588
3206 , 10.3764255068403 , 56.870993978352
3207 , 10.3621194158143 , 42.9258217978416
3208 , 10.3375130866035 , -25.8740086721506
3209 , 10.3551053615818 , 25.4445599025559
3210 , 10.4875396941565 , 79.7730012404387
3211 , 10.3043672066288 , -62.7282437220393
3212 , 10.4922793253505 , 79.7637972107984
3213 , 10.3656758924711 , 19.5913981830606
3214 , 10.3989306942741 , 56.9788711555032
3215 , 10.4990057737039 , 79.7523576954549
3216 , 10.3724493191103 , 23.863030340348
3217 , 10.4029162439054 , 10.8991883023077
3218 , 10.3808759544245 , 74.117838763373
3219 , 10.3887423649094 , 38.5194332799945
3220 , 10.4089136307584 , 56.9665679585932
3221 , 10.3831859243549 , 21.5084951568413
3222 , 10.3870651318484 , 19.8262390823864
3223 , 10.3687115969123 , -34.3264874356391
3224 , 10.3704457460079 , -34.7556542198122
3225 , 10.4326794819026 , 58.0894625543219
3226 , 10.4016438177404 , 19.8369660364505
3227 , 10.4026139692467 , 19.8047357333302
3228 , 10.3643072930726 , -51.7814753664647
3229 , 10.4003514431675 , 0.00511968372450083
3230 , 10.4061352064388 , 12.5069376016523
3231 , 10.4640497587768 , 66.7522177772715
3232 , 10.417928990501 , 27.967713120604
3233 , 10.3754577708815 , -22.3276699105781
3234 , 10.4276177351723 , 27.9634745994106
3235 , 10.4276177351723 , 27.9634745994106
3236 , 10.4604234280024 , 61.2129302055352
3237 , 10.440426544778 , 39.5865503796436
3238 , 10.4583578165429 , 57.165625887508
3239 , 10.4289241453952 , 17.0995442072816
3240 , 10.4181018131224 , -21.8515631607583
3241 , 10.4138666277271 , -32.5432059243402
3242 , 10.4224255744096 , -18.70221725844
3243 , 10.44935504976 , -2.68295564288147
3244 , 10.4335265838642 , -39.8875481651616
3245 , 10.4661995866362 , 28.4468039714834
3246 , 10.4552693453882 , 3.80165170405743
3247 , 10.4388533702703 , -57.981410742464
3248 , 10.4735005211927 , 22.7864519074526
3249 , 10.4485166991278 , -35.0238943711281
3250 , 10.4511199528712 , -40.0034796452207
3251 , 10.498945778074 , 26.0376690786418
3252 , 10.5892914778286 , 73.7028506497849
3253 , 10.4848153545113 , 12.6427754656301
3254 , 10.5000268432127 , 29.4310093748172
3255 , 10.4495580483815 , -60.7374812275403
3256 , 10.4729866228123 , -43.9651417519865
3257 , 10.4887967097537 , -35.7182718154825
3258 , 10.4905776994152 , -35.6652300940488
3259 , 10.5569949517896 , 64.9800631061498
3260 , 10.4941086195508 , -35.6560843133457
3261 , 10.4924137076685 , -44.7174467526835
3262 , 10.4937448557383 , -44.2199701770118
3263 , 10.4957484745723 , -44.1827579378985
3264 , 10.5516921742037 , 56.0226659340606
3265 , 10.5296755418334 , 28.7355198031621
3266 , 10.5688863847852 , 64.6885768863712
3267 , 10.5059054188548 , -35.3831021570199
3268 , 10.5091852410808 , -35.3858969833768
3269 , 10.50827133372 , -35.2842310703944
3270 , 10.5359634607059 , 24.8079622126789
3271 , 10.5164665050038 , -35.4203813309405
3272 , 10.5411276668103 , 28.4079374801275
3273 , 10.517152453594 , -35.6714891682641
3274 , 10.5491464688236 , 27.6073241399621
3275 , 10.5234200295464 , -36.7973219674781
3276 , 10.5281294113246 , -40.0052977302506
3277 , 10.5598132383657 , 28.4505856435603
3278 , 10.5354689982585 , -40.0161733564916
3279 , 10.5889953848567 , 11.1351524880748
3280 , 10.5553331417099 , -12.6978865273759
3281 , 10.5403075573703 , -34.9149759030697
3282 , 10.5489441432039 , -22.3628909000196
3283 , 10.5566879832912 , -46.1516309520243
3284 , 10.6189197704078 , 58.558617275486
3285 , 10.569351852808 , -27.5153613959532
3286 , 10.6189197704078 , 58.558617275486
3287 , 10.5906289228914 , 21.5859244851614
3288 , 10.6200768304388 , 58.494444765855
3289 , 10.5778451896292 , -35.3837733099089
3290 , 10.5979113072641 , -17.3380228383703
3291 , 10.6131568684664 , 37.2130514237505
3292 , 10.6029040384216 , -6.24107906327195
3293 , 10.604877415705 , -58.2844821828783
3294 , 10.6158790976492 , 37.2627569900738
3295 , 10.5553331417099 , -12.6978865273759
3296 , 10.5557481129361 , -12.7778866787955
3297 , 10.563083870477 , -12.7323754271192
3298 , 10.6322392277086 , 50.0583589490602
3299 , 10.6171717036542 , 12.6452394903967
3300 , 10.6212692760707 , 14.1090914764849
3301 , 10.626315914443 , 21.8195802009682
3302 , 10.6057719391223 , -32.4192954778357
3303 , 10.627333627377 , 18.0748630810107
3304 , 10.6386167665331 , 37.3942691261325
3305 , 10.6126895236745 , -27.2233853223266
3306 , 10.6300003488738 , 12.5904377544199
3307 , 10.6142064668385 , -27.5900490892032
3308 , 10.6156270217745 , -27.4983915110241
3309 , 10.6193485515906 , -27.5786875732479
3310 , 10.6584227263686 , 53.4412930163398
3311 , 10.62129356781 , -27.5898086095329
3312 , 10.626740354843 , -27.6267809133699
3313 , 10.6332539070848 , -25.3802175295018
3314 , 10.6296270636167 , -27.7445706506412
3315 , 10.6314476926818 , -27.2529276377893
3316 , 10.6364389355114 , -27.655442923236
3317 , 10.6380803681109 , -27.5804532760241
3318 , 10.6297890746384 , -41.6879958981466
3319 , 10.6642793462993 , 41.6249704439926
3320 , 10.6720817281739 , 47.3349891897652
3321 , 10.6572425650825 , -11.7107153332528
3322 , 10.6572425650825 , -11.7107153332528
3323 , 10.6717717768956 , 25.2601163292542
3324 , 10.6291926844722 , -58.6795803722474
3325 , 10.6658410669833 , -0.261834413311911
3326 , 10.6691454449472 , 5.04500701976902
3327 , 10.6769218011811 , 24.0292526070503
3328 , 10.6754787758815 , 9.23824899398134
3329 , 10.7613920641868 , 76.7475549648417
3330 , 10.6548759142457 , -54.1759860679663
3331 , 10.6787342669571 , -23.882167823741
3332 , 10.6849185783133 , 9.12013864141175
3333 , 10.6730017670656 , -36.0972963887827
3334 , 10.7033352035548 , 37.24995178341
3335 , 10.6690319159684 , -23.9835034373348
3336 , 10.6807905189119 , -27.8387206396253
3337 , 10.7068326520614 , 4.92645600014562
3338 , 10.7126486763684 , 13.6840916389329
3339 , 10.7129472354915 , -0.430710228201333
3340 , 10.7151408542609 , -0.439333414720446
3341 , 10.7190551116117 , 4.98166330740984
3342 , 10.6849185783133 , 9.12013864141175
3343 , 10.7850883093762 , 73.2909012843551
3344 , 10.736114828835 , 24.8599951697141
3345 , 10.7360110196921 , 11.9231401316262
3346 , 10.7379781283981 , 14.8094881896726
3347 , 10.7221662724022 , -36.4147442065735
3348 , 10.8014349050858 , 72.7763286829638
3349 , 10.7410683063563 , 6.70040142859837
3350 , 10.7507526850951 , 30.6624028128179
3351 , 10.7431961984316 , 11.6406018821244
3352 , 10.7482216770787 , 22.3085410247528
3353 , 10.7686415039296 , 55.8969847935578
3354 , 10.7266700005942 , -36.4242078703402
3355 , 10.7199711576082 , -23.996262344821
3356 , 10.7471225184815 , 6.69620057755611
3357 , 10.7496754341802 , 14.0216492441385
3358 , 10.7350631704087 , -36.4723027568543
3359 , 10.7900159948365 , 63.1606032773021
3360 , 10.7477420723672 , -11.3048219353975
3361 , 10.7513271513494 , -11.2703967194306
3362 , 10.7580333519925 , 6.5344752978929
3363 , 10.7634006814123 , 22.0156744632343
3364 , 10.8233083181334 , 72.3622854290802
3365 , 10.780414814904 , 1.74999090624697
3366 , 10.5944195867502 , -43.7541319514581
3367 , 10.7868777517709 , 13.687274725861
3368 , 10.7898546361847 , 11.757003136635
3369 , 10.7886632520656 , -25.3062757993552
3370 , 10.79505360853 , 17.2108028709664
3371 , 10.8151188879546 , 12.5654643004572
3372 , 10.7386760660388 , -59.9272524996955
3373 , 10.8182547977834 , 12.4698931887047
3374 , 10.8118229620383 , 43.12292508189
3375 , 10.7934756212563 , -10.0045337676443
3376 , 10.8010140980379 , 5.98563797603171
3377 , 10.8056006583931 , 13.9227228751798
3378 , 10.7878491798762 , -40.0771296045451
3379 , 10.8075636148683 , 12.5180066525678
3380 , 10.8143044738574 , 28.5386888530209
3381 , 10.8180228148729 , 34.6481164704163
3382 , 10.8183257362722 , 36.6622865264839
3383 , 10.7982713399988 , -24.4999583231552
3384 , 10.8151188879546 , 12.5654643004572
3385 , 10.8135132460772 , 4.86531282289921
3386 , 10.8135704711024 , 4.93614459416098
3387 , 10.8149865838405 , 4.90391540041596
3388 , 10.8674520521861 , 8.50413496474299
3389 , 10.8182547977834 , 12.4698931887047
3390 , 10.81062138337 , -31.5953244552482
3391 , 10.8261842551424 , 14.1562181359895
3392 , 10.8642929118197 , 65.7182448799655
3393 , 10.8160957202046 , -25.2239055074382
3394 , 10.8578829093331 , 65.6646734842242
3395 , 10.8416069607394 , 32.9179729160006
3396 , 10.8431889450183 , 32.9271298535574
3397 , 10.7613920641868 , 76.7475549648417
3398 , 10.8709286111363 , 55.3277177103591
3399 , 10.8349007629535 , 16.1555918776643
3400 , 10.8568856712447 , 28.4053890669545
3401 , 10.8491413434961 , 5.7484440988969
3402 , 10.8504761266192 , -12.9077860805259
3403 , 10.9136214909042 , 73.626759559796
3404 , 10.8481869214885 , -12.1708523589289
3405 , 10.83926115306 , 16.1758466720214
3406 , 10.8740692132825 , 50.9593005326761
3407 , 10.8844422163216 , 61.3160834419391
3408 , 10.8823795263841 , 58.37520542311
3409 , 10.8487439115285 , -17.1073738156378
3410 , 10.8768137712915 , 50.9428948338157
3411 , 10.8504761266192 , -12.9077860805259
3412 , 10.8586271231093 , 13.3493868851965
3413 , 10.8668027586216 , 32.7025504427391
3414 , 10.8653641896402 , 27.9114534304431
3415 , 10.8732856887892 , 43.64922616461
3416 , 10.8749258033365 , 43.7011605446624
3417 , 10.8608403372542 , 8.41028205792947
3418 , 10.8675338216736 , 28.0486627813031
3419 , 10.8654440867546 , 13.8821216026427
3420 , 10.8457942711593 , -17.3056873333038
3421 , 10.8592366779589 , -12.510617177142
3422 , 10.8647394287936 , -12.4648102553075
3423 , 10.8643066821172 , 5.77669904956036
3424 , 10.8738858522494 , 32.8366756349724
3425 , 10.8674520521861 , 8.50413496474299
3426 , 10.8721973179027 , 18.4175882042346
3427 , 10.8676406094893 , 8.23497184923325
3428 , 10.8685805164094 , 9.21578387365111
3429 , 10.8685805164094 , 9.21578387365111
3430 , 10.8809104187303 , 32.8871929731183
3431 , 10.8639715737337 , -17.0710570501826
3432 , 10.8864599355377 , 36.555221342142
3433 , 10.8781822471929 , 10.0843317973122
3434 , 10.8763703017464 , 3.72862169913162
3435 , 10.9261260726359 , 61.2252698888694
3436 , 10.8846327722333 , 8.03072221849956
3437 , 10.8872016716471 , 22.8713587978366
3438 , 10.8842737758382 , 10.4840164819207
3439 , 10.8841718012071 , 8.49432761184636
3440 , 10.9094312114829 , 57.0552939361019
3441 , 10.8856126562996 , 7.16156545436179
3442 , 10.8966281320807 , 33.8462719940567
3443 , 10.8939429499848 , 17.5102607131646
3444 , 10.8935692913265 , 10.1470300561661
3445 , 10.9222588230482 , 56.926326922798
3446 , 10.8776486889307 , -45.1950804632455
3447 , 10.9005591334 , 16.7082908419274
3448 , 10.9228726219367 , 54.2415585498097
3449 , 10.8910531455693 , -32.9900618483554
3450 , 10.8106704766761 , -20.9112444238551
3451 , 10.9167007772906 , 27.1758960808579
3452 , 10.9138541258913 , -11.4681204492077
3453 , 10.9042682771813 , -21.8560777725391
3454 , 10.9187335910359 , 17.2798563588152
3455 , 10.9191490560657 , 17.2206884110154
3456 , 10.9107560217597 , -16.0904635242796
3457 , 10.9240725478386 , 17.5576043334356
3458 , 10.946007740299 , 57.0534132262468
3459 , 10.9221553655824 , -17.1046473128993
3460 , 10.9240725478386 , 17.5576043334356
3461 , 10.925907279545 , 17.6445370950509
3462 , 10.932837621585 , 7.63326762187817
3463 , 10.9299892888614 , -26.2029748555812
3464 , 10.9207915357395 , -21.1292276073161
3465 , 11.0074066234199 , 75.1279142482468
3466 , 10.947991267263 , 9.69037872244969
3467 , 10.9559619035963 , 9.6950623938515
3468 , 10.9699505377605 , 40.8822754091625
3469 , 10.9592213959771 , -14.3635052409361
3470 , 10.991534380609 , 59.4465310777331
3471 , 10.998394857586 , 61.4662509135142
3472 , 10.9656708439173 , -19.697241345925
3473 , 10.9786512684473 , 17.0609482532211
3474 , 10.9796228545528 , 17.0320539046591
3475 , 10.9843837559717 , 24.1627863365939
3476 , 10.9791410819513 , 9.21218367079433
3477 , 10.9805010448055 , 9.15384430134383
3478 , 11.0024301505007 , 46.0587973590193
3479 , 10.9919388250095 , -15.0244529106148
3480 , 10.9791410819513 , 9.21218367079433
3481 , 11.0006941031946 , -7.60777913272148
3482 , 10.9852986608938 , -46.6462525150601
3483 , 10.9929707375601 , -28.54063287149
3484 , 11.0698043226577 , 75.7592478533481
3485 , 11.0111432215328 , 14.7769370044586
3486 , 11.0174967552546 , 28.9111984711185
3487 , 11.0234791599824 , 17.5232264586894
3488 , 11.0354008378483 , 57.6131999928894
3489 , 11.0155661665414 , 13.8366535023646
3490 , 11.0087762980953 , 9.29815534451493
3491 , 11.020249175744 , 12.097494910489
3492 , 11.0262962422851 , 10.4422203462985
3493 , 11.0351725251787 , 27.6555647036839
3494 , 11.029938097434 , 3.71040374994164
3495 , 11.03129658948 , 3.56290127309872
3496 , 11.0012871252533 , -60.3982146905026
3497 , 11.1315391002153 , -19.535088827437
3498 , 11.0387352159698 , 14.2857061761591
3499 , 11.0650396082419 , 56.1577425312066
3500 , 11.0461371908585 , 75.1371432793489
3501 , 11.0570037865837 , 17.9252883054506
3502 , 10.9919388250095 , -15.0244529106148
3503 , 11.0300895840591 , -59.908881751273
3504 , 11.0638562829234 , 27.9084798746245
3505 , 11.0597937532394 , -16.3521730059074
3506 , 11.0639380849284 , 11.0125972308039
3507 , 11.0676143673478 , 18.0702377316588
3508 , 11.0597937532394 , -16.3521730059074
3509 , 11.0837022795769 , 4.76403871482495
3510 , 11.0729314629006 , 28.82009848351
3511 , 11.0663381406172 , -23.1497233218391
3512 , 11.0781827086604 , 27.9728562224619
3513 , 11.0724768282443 , -23.3075164686848
3514 , 11.076476128012 , -18.8440892466076
3515 , 11.0877933755 , 28.1633652824486
3516 , 11.1272865876557 , 72.5046938198537
3517 , 11.105550013415 , 56.4605932332518
3518 , 10.077146434395 , -6.53270078289621
3519 , 11.0760634533341 , -61.4297829425056
3520 , 11.1289516759568 , -18.0884687488136
3521 , 11.1070578317714 , -0.101206497728086
3522 , 11.1217742891241 , 20.0213577742025
3523 , 11.0669624749909 , 75.051744959878
3524 , 11.1192916615043 , 11.3204101202785
3525 , 11.1315391002153 , -19.535088827437
3526 , 11.1259617636385 , 7.10881008410279
3527 , 11.1324958475646 , 28.462881175359
3528 , 11.1315391002153 , -19.535088827437
3529 , 11.1318428572456 , -19.6198082559104
3530 , 11.1564586426266 , 57.1653520364523
3531 , 11.1259617636385 , 7.10881008410279
3532 , 11.100492040917 , -58.7952501459133
3533 , 11.1282639958903 , -37.2360104365817
3534 , 11.1594322226098 , 26.5452800688155
3535 , 11.1529995435951 , 4.7679281838818
3536 , 11.1582838204449 , 28.411100769089
3537 , 11.1506952573391 , -10.3207701204245
3538 , 11.2071364193343 , 75.5063182936667
3539 , 11.1631751828807 , 28.6074661936729
3540 , 11.165375910032 , 35.9563041979149
3541 , 11.1522754335277 , -10.5560452966639
3542 , 11.1763943285083 , 36.8812513709701
3543 , 11.194557753227 , 61.281896303215
3544 , 11.2016653741858 , -18.3539737600747
3545 , 11.1812520710118 , 36.9017852139422
3546 , 11.172928273251 , -13.4443458537626
3547 , 11.1758770122274 , 10.6560301653056
3548 , 11.165375910032 , 35.9563041979149
3549 , 11.1940629544205 , 53.3229024349583
3550 , 11.1880228451567 , 28.7026364801407
3551 , 11.1728710679332 , 21.6941716566091
3552 , 11.1892696994178 , 28.6279096219032
3553 , 11.1885760135568 , 28.6206931137748
3554 , 11.1906568371866 , 28.5954060215546
3555 , 11.1745097360023 , 21.7455544645428
3556 , 11.2032441784997 , 55.6076078070532
3557 , 11.1754879080772 , -37.6025208336937
3558 , 11.1929029027367 , 28.4784528571394
3559 , 11.1895635775751 , 11.9515038228849
3560 , 11.1895635775751 , 11.9515038228849
3561 , 11.1977093048993 , 28.6314872171497
3562 , 11.2300210231244 , 72.8141904634132
3563 , 11.200999410714 , 26.8989897090334
3564 , 11.1862744216198 , -37.6114401368631
3565 , 11.1397827465364 , -20.0862060575022
3566 , 11.1397827465364 , -20.0862060575022
3567 , 11.1987882468681 , 5.77161836259288
3568 , 11.1896677715338 , -37.5120098747797
3569 , 11.2130975467866 , 35.386651212118
3570 , 11.211590764616 , 27.5250507747311
3571 , 11.2016653741858 , -18.3539737600747
3572 , 11.181958798414 , -60.3103937711785
3573 , 11.1979353258726 , -36.9387255400309
3574 , 11.214034394753 , 27.5600399699419
3575 , 10.2364335447121 , 22.677973142554
3576 , 11.2013067125698 , -61.4242776791019
3577 , 11.2404083088278 , 48.2079301154592
3578 , 11.2242907194864 , -16.0199695168047
3579 , 11.2087988128886 , -61.3051342747121
3580 , 11.2313330125619 , 3.59267257155429
3581 , 11.2094358156073 , -61.3637429545311
3582 , 11.2122200740765 , -61.3354190563727
3583 , 11.2476783396633 , 48.2528994499567
3584 , 11.2144210868045 , -61.2904288808053
3585 , 11.2312422333968 , -26.8187098193254
3586 , 11.2172268714865 , -61.4143156714508
3587 , 11.258196972211 , 54.9540209048993
3588 , 11.2445049300823 , 20.3211302316929
3589 , 11.2656902478981 , 60.6351711944553
3590 , 11.2253218300056 , -60.8510261522931
3591 , 11.2441843415724 , -14.1509352714762
3592 , 11.2514160063017 , 17.1942167696558
3593 , 11.2539769088346 , 12.753189989536
3594 , 11.2821432783451 , 55.639200864032
3595 , 11.2682819144548 , 47.3814181394659
3596 , 11.2620912258218 , 14.7217288122125
3597 , 11.2548271649452 , -23.7911273359839
3598 , 11.2636339017263 , 17.1972281730295
3599 , 11.2678967508524 , 18.0449728420255
3600 , 11.2754493826153 , 41.525544396194
3601 , 11.2694624953188 , 5.05055597707905
3602 , 11.2738544014331 , 17.3507988915994
3603 , 11.2608426346061 , -61.3233077197911
3604 , 11.3019218574031 , 4.49018783801048
3605 , 11.2900535957626 , 17.952116750047
3606 , 11.2806884113274 , -33.8910218774203
3607 , 11.2922481128418 , 17.9868312314694
3608 , 11.2934987654499 , 18.0826575769872
3609 , 11.3079846077359 , 26.5596875543212
3610 , 11.3186650355651 , 58.7210290677989
3611 , 11.3019218574031 , 4.49018783801048
3612 , 11.3146750818682 , 26.554940093006
3613 , 11.3216620972414 , 57.93489275631
3614 , 11.3171024631801 , 45.6828784033995
3615 , 11.3123357430917 , 23.3319408919857
3616 , 11.3127682182759 , 14.7007180461857
3617 , 11.3072619136249 , -26.1978265325457
3618 , 11.319527873695 , 23.403303226165
3619 , 11.3342903709815 , 57.6926188275172
3620 , 11.2759683750541 , -76.2787871145632
3621 , 11.3141163467252 , -32.8747619695912
3622 , 11.3491747235775 , 67.1763168290125
3623 , 11.3257934880152 , 13.0254365006496
3624 , 11.3244059556026 , 7.45558610699391
3625 , 11.353618174857 , 57.7153196614625
3626 , 11.3447603018919 , 18.2910880389294
3627 , 11.3478689568466 , 12.9245340460989
3628 , 11.3483222600923 , 13.5245175527067
3629 , 11.3527153424333 , 26.8970231763889
3630 , 11.3482283639062 , 2.89926034680291
3631 , 11.3621012550913 , 53.1038519587104
3632 , 11.3447603018919 , 18.2910880389294
3633 , 11.3508199713087 , 3.52034425623189
3634 , 11.3518001751025 , -9.07838273152523
3635 , 11.3520779821518 , -9.07782768984321
3636 , 11.3503118937612 , -10.3466630250987
3637 , 11.354368181677 , -10.3216745405567
3638 , 11.3461433331975 , -8.17034657754839
3639 , 11.370279309597 , 18.3929479855366
3640 , 11.3620640335675 , 3.16948892881745
3641 , 11.3626472122267 , 3.1294883533754
3642 , 11.3831740909839 , 59.0091095485692
3643 , 11.3671168711084 , 2.94892575136933
3644 , 11.3693361444555 , 2.745036867145
3645 , 11.3482283639062 , 2.89926034680291
3646 , 11.372444316649 , 20.1034601928444
3647 , 11.3709198243351 , 2.82614097967021
3648 , 11.3862055397573 , 39.8109569356585
3649 , 11.3812192477021 , 20.1428753963182
3650 , 11.3869466097661 , 20.6389596708385
3651 , 11.3844813349011 , 24.2330669444515
3652 , 11.3882869206176 , 37.6990138874838
3653 , 11.3855077101228 , 24.2138983874334
3654 , 11.4155713334527 , 69.3469351596419
3655 , 11.3922416700879 , 16.5240300007631
3656 , 11.4053725501818 , 53.7761894680563
3657 , 11.4099892910749 , 52.8550564614917
3658 , 11.4103702118675 , 38.4975419527769
3659 , 11.4062547803814 , 17.7511818835907
3660 , 11.4023382834864 , -8.723526678627
3661 , 11.4039758581549 , -13.8955411756368
3662 , 11.4063698154652 , -1.17048769221388
3663 , 11.4099937031145 , -12.3614531969151
3664 , 11.4169763859687 , 3.26099889737771
3665 , 11.4228919577293 , 38.6969429213104
3666 , 11.4175766703152 , 11.2765880048815
3667 , 11.4147006003373 , -13.9213984520519
3668 , 11.4369358935241 , 63.38035692822
3669 , 11.4354940515739 , 57.6552833322189
3670 , 11.4242595976545 , 23.8796135184314
3671 , 11.4428706301306 , 60.4139004214212
3672 , 11.4273580012774 , -9.85965252915934
3673 , 11.4300675153887 , -26.8008496907994
3674 , 11.452038489155 , 56.9824398441143
3675 , 11.4464685645588 , 43.5201785286074
3676 , 11.4370953117979 , -11.2040636837163
3677 , 11.4492070523631 , 46.908225800122
3678 , 11.4482289687868 , 27.8008634998352
3679 , 11.3733969675771 , -5.82273088301683
3680 , 11.4366252614218 , -43.3133871390268
3681 , 11.4519458871431 , 16.7980141686468
3682 , 11.4735187406471 , 66.5247185415351
3683 , 11.4701640022879 , 56.8115412741702
3684 , 11.4634440780882 , 16.9649213430872
3685 , 11.4813703037522 , 4.26191237988658
3686 , 11.472610224624 , 17.1573916661003
3687 , 11.4773500956798 , 29.4449156986051
3688 , 11.4723985032713 , -9.23005651922489
3689 , 11.4801457518437 , 25.5952493758578
3690 , 11.4865021347949 , 58.4948365995143
3691 , 11.4796304506124 , 16.8540478358709
3692 , 11.4835376093002 , 9.34202197275796
3693 , 11.4798887010973 , -13.2590678274728
3694 , 11.4923105473247 , 35.347578836861
3695 , 11.4987807030589 , 35.5092249203047
3696 , 11.4889089873482 , -11.3480579294381
3697 , 11.491067238078 , 20.7289248215132
3698 , 11.4987807030589 , 35.5092249203047
3699 , 11.4753432046443 , -60.0201091347774
3700 , 11.5046640120362 , 35.4486514545814
3701 , 11.5017761110031 , 24.0274396142191
3702 , 11.5137962358382 , -8.92737760499014
3703 , 11.4959089870215 , -8.51152496551561
3704 , 11.5113274394607 , -11.6108689078341
3705 , 11.5123632329974 , 9.21028866087852
3706 , 11.5054314954848 , -36.4552247264648
3707 , 11.5132439246323 , -11.6078170793287
3708 , 11.5210145173387 , -3.28789993135665
3709 , 11.5210142087202 , -3.32123207587415
3710 , 11.528992853331 , 22.7023929043663
3711 , 11.5004678391276 , -11.1447560402479
3712 , 11.5296885199235 , 28.5020044726059
3713 , 11.5387877219212 , 28.0875427598327
3714 , 11.5420390445846 , 28.2922518802013
3715 , 11.5356422281483 , -14.2960724763216
3716 , 11.5382990789255 , 3.4223669980039
3717 , 11.535452487831 , -30.3725200619983
3718 , 11.5540250643621 , 53.0006843159084
3719 , 11.5472455171302 , 0.75355700177271
3720 , 11.5494955780425 , 0.738275166556844
3721 , 11.578911197762 , -9.53191532990495
3722 , 11.5831877248667 , -9.74469057278754
3723 , 11.5518755865413 , -10.0340684240101
3724 , 11.5847162476241 , -9.72469434523911
3725 , 11.5727450271592 , 61.8223739380115
3726 , 11.5666185795784 , 46.9611884111785
3727 , 11.5714037225201 , -13.94337071753
3728 , 11.5647750900902 , 24.3811543717171
3729 , 11.5746899501053 , 53.0597892109948
3730 , 11.581438811808 , -9.64135914154155
3731 , 11.5801575755332 , 12.4467005831043
3732 , 11.5806033445133 , -9.910512513809
3733 , 11.5948613997895 , 54.7836284966234
3734 , 11.5879898403783 , -14.1461656908971
3735 , 11.6112661611882 , 70.4690643623017
3736 , 11.6074090303115 , 73.3860867551639
3737 , 11.6044326179122 , 54.8822125731973
3738 , 11.6077443046743 , 54.4571989711132
3739 , 11.6041499196003 , 25.0221584372609
3740 , 11.6146071209716 , 59.910006725146
3741 , 11.6124070136474 , 45.2174532961489
3742 , 11.6021338610147 , -38.0199871467167
3743 , 11.6096070372243 , 21.6566654555482
3744 , 11.6097604684633 , 22.9458010611635
3745 , 11.6393736418555 , 21.9546476575272
3746 , 11.6391232004894 , 21.943260827682
3747 , 11.5548699482344 , 74.3126584877126
3748 , 11.6406507709954 , 21.959922863752
3749 , 11.6079439822887 , -38.061378271565
3750 , 11.6413438148989 , 21.9082556824478
3751 , 11.6419823968871 , 21.8704774754691
3752 , 11.5552249303778 , 74.5623886926457
3753 , 11.6419546612538 , 21.9149222095758
3754 , 11.6422878558352 , 21.9190878246232
3755 , 11.6197768051447 , 36.3436051977981
3756 , 11.6242646248959 , 54.2274319904607
3757 , 11.628616682498 , 58.3493902582853
3758 , 11.618434132051 , 21.5305362642444
3759 , 11.6259475915609 , 54.7563191807021
3760 , 10.626315914443 , 21.8195802009682
3761 , 11.6226144167601 , 22.9260505914104
3762 , 11.6345766640267 , 61.6924655779501
3763 , 11.6184702552777 , -9.91251658601737
3764 , 11.6254472098018 , 17.8228391642712
3765 , 11.6282360115559 , 24.0299017276688
3766 , 11.6136624338313 , -61.6726577208348
3767 , 11.6312677361426 , 16.8111879014837
3768 , 11.6309723951679 , 17.7731069789046
3769 , 11.6396883926249 , 47.8265432961422
3770 , 11.6441419473518 , 59.5504751336408
3771 , 11.6617295647732 , -9.41315664573183
3772 , 11.6404632734747 , 22.6240750666166
3773 , 11.6471909429861 , 12.0463004193885
3774 , 11.6518412796307 , -9.04177120438745
3775 , 11.6508308118335 , -10.7033601353032
3776 , 11.6484334370641 , -3.41951260889555
3777 , 11.6119498226893 , -12.6343274569327
3778 , 11.6491222738635 , -50.7787925934719
3779 , 11.6575267634716 , -10.6494830707913
3780 , 11.6670700374738 , 56.203716881619
3781 , 11.6614656795896 , 26.2958931745445
3782 , 11.6663984217806 , 46.4461997412671
3783 , 11.6603767818732 , -37.8022695790147
3784 , 11.6686279483932 , 26.2431024551296
3785 , 11.6695161755918 , 26.2361561684779
3786 , 11.6722500040188 , 31.8418795792931
3787 , 11.6708978928678 , 20.3885117562961
3788 , 11.6728609181579 , 31.8638233021853
3789 , 11.6459205991367 , -9.67201225257087
3790 , 11.6733979665785 , 17.6458045157626
3791 , 11.6716473924299 , -9.4320576283652
3792 , 11.6708804113464 , 5.03400285242466
3793 , 11.6776623871114 , 31.8113135782451
3794 , 11.6926072100563 , 56.1347628591337
3795 , 11.6795838701484 , 58.5456516061779
3796 , 11.6863941907568 , 60.2320375007424
3797 , 11.6808268915714 , 31.8396379943545
3798 , 11.6808800957407 , 24.6303343634577
3799 , 11.6795135220087 , 15.2611401199495
3800 , 11.6806243064537 , 15.2758601560791
3801 , 11.6816174698896 , 17.6610662658739
3802 , 11.6821448897846 , 17.6988420007267
3803 , 11.6817565069569 , 17.735231221383
3804 , 11.6926072100563 , 56.1347628591337
3805 , 11.688527042339 , 20.277092730108
3806 , 11.6899202709855 , 17.7291052315543
3807 , 11.7087742639908 , 17.7532382774129
3808 , 11.689213448071 , 22.3631486047579
3809 , 11.6988225709811 , 59.8192197979959
3810 , 11.6931730884128 , 11.4040183708807
3811 , 11.6986068410801 , 47.624174448253
3812 , 11.6958457446141 , 24.7558582489345
3813 , 11.6989600907327 , 36.4798096629214
3814 , 11.7013703759325 , 24.738902398176
3815 , 11.7045905469902 , 24.7336201185897
3816 , 11.7069061010802 , 20.0370665529939
3817 , 11.7082161740433 , 10.2382000918938
3818 , 11.7093640321963 , -6.22113935978943
3819 , 11.711826520095 , 10.2854150699639
3820 , 11.7115490598472 , 10.3181924383811
3821 , 11.7127938451047 , 20.2487163116486
3822 , 11.7132973179161 , 10.211804708464
3823 , 11.7142710516872 , -13.9318918574526
3824 , 11.7232279965798 , 52.713010032861
3825 , 11.7168243849788 , 10.1984663993936
3826 , 11.7194880118991 , 26.4224433829792
3827 , 11.7203329666377 , 18.7787438419293
3828 , 11.7264504601645 , 16.4213033816878
3829 , 11.735013340982 , 52.6443706851295
3830 , 11.7194880118991 , 26.4224433829792
3831 , 11.7319177847056 , -12.9433464742023
3832 , 11.7356925428882 , 22.6586134456966
3833 , 11.7349029016039 , 10.0951093507056
3834 , 11.7374113578973 , 19.0239875621056
3835 , 11.7457105685581 , 60.0532770695973
3836 , 11.7350127316078 , -16.8625984952945
3837 , 11.7426656818834 , 19.8281223739062
3838 , 11.7479574847803 , 57.8815886029982
3839 , 11.7419885961837 , 10.7181331030474
3840 , 11.7433334852327 , 20.0103388367097
3841 , 11.7441937637818 , 19.905618200879
3842 , 11.744165365629 , 19.8833968462478
3843 , 11.7420260038334 , 7.85990286804309
3844 , 11.7438601528963 , 19.9628387594752
3845 , 11.7451379191826 , 19.929504606221
3846 , 11.7521806150494 , 55.5851771676218
3847 , 11.7476288327994 , 33.4475342823383
3848 , 11.7132973179161 , 10.211804708464
3849 , 11.7699401050729 , 3.16616279037217
3850 , 11.7706557742165 , 55.8195849798262
3851 , 11.7492741208792 , 19.91449763286
3852 , 11.7168243849788 , 10.1984663993936
3853 , 11.7514419524527 , 16.4918181596977
3854 , 11.7578544549766 , -9.29854734420677
3855 , 11.7509019688007 , 33.2889201450793
3856 , 11.7476288327994 , 33.4475342823383
3857 , 11.7575169010023 , 19.4664421464107
3858 , 11.7633272310798 , -9.37993690794364
3859 , 11.7581553246992 , 19.388109672699
3860 , 11.757269503691 , 19.7283796654288
3861 , 11.7613243766597 , 19.9069795336345
3862 , 11.761654731207 , 19.5397677570024
3863 , 11.7617198869825 , 8.40374545182317
3864 , 11.7645960851334 , 19.3256020403922
3865 , 11.7578544549766 , -9.29854734420677
3866 , 11.7633272310798 , -9.37993690794364
3867 , 11.7684840090264 , 19.3336522033638
3868 , 11.768595394681 , 19.3780947959879
3869 , 11.7728415744941 , 10.7583675508769
3870 , 11.7763638976207 , 50.133449018144
3871 , 11.779849327272 , 33.0424841133136
3872 , 11.7738036999114 , 13.7002087798572
3873 , 11.7730400444507 , 19.7072460575706
3874 , 11.7707180542893 , 8.50789740411369
3875 , 11.7739839636626 , 19.7008552094789
3876 , 11.7675556282512 , 9.09454593556005
3877 , 11.7792776397122 , 47.4273379215573
3878 , 11.7819596954326 , 33.1380332434519
3879 , 11.7918306853291 , 69.3163615417565
3880 , 11.7832086407238 , 33.0952543803703
3881 , 11.7865940972849 , 33.0399729066072
3882 , 11.7783721314765 , -56.4518622968117
3883 , 11.7900114404414 , 20.6091394071726
3884 , 11.7802913304995 , 20.3247164724204
3885 , 11.789639536 , -27.9867659690412
3886 , 11.7951139936579 , 19.7705456878224
3887 , 11.7946967424321 , -16.9190286454445
3888 , 11.8037673740372 , 55.8989635507149
3889 , 11.8074298362093 , 55.9514569164926
3890 , 11.8337904082358 , 74.2349824448802
3891 , 11.8112150230019 , 30.292763297644
3892 , 11.8103842287156 , -11.0276705101616
3893 , 11.8211618007537 , 48.6442012452963
3894 , 11.824748813357 , 59.3492213282262
3895 , 11.8285203617816 , 59.3658799879532
3896 , 11.8261823600112 , 48.6075246120411
3897 , 11.8268585663947 , 34.9487642380564
3898 , 11.8316112877535 , 56.0175210763067
3899 , 11.8448564301409 , 26.4133574257928
3900 , 11.8295364928451 , 26.9547529405814
3901 , 11.7263894618498 , 77.3061287252277
3902 , 11.8321391017606 , 26.0547723223089
3903 , 11.8276516185835 , -37.5812393235668
3904 , 11.8304099066487 , -29.3414247153821
3905 , 11.8281408825856 , -9.79440956755679
3906 , 11.8383559728783 , 48.3583390764793
3907 , 11.8351679831579 , -1.15204615414739
3908 , 11.8414690426541 , 12.1199062970475
3909 , 11.8350809375168 , -48.3253586006535
3910 , 11.8433788637557 , 21.2671072584969
3911 , 11.8452342088673 , 24.8533961269061
3912 , 11.8448564301409 , 26.4133574257928
3913 , 11.8546369478891 , 55.2866437777969
3914 , 11.8525540438217 , 6.50122313445441
3915 , 11.833515898531 , -5.18380290499229
3916 , 11.8581823166214 , 55.07635942654
3917 , 11.856558535511 , 51.7574692664853
3918 , 11.8484045542077 , -57.2448645350585
3919 , 11.8550880814809 , 19.9487985109461
3920 , 11.8330743923817 , 24.8717434991601
3921 , 11.8625066576906 , 55.0121857251538
3922 , 11.8642395543781 , 50.0894033263188
3923 , 11.8605385359432 , -28.8703460863904
3924 , 11.8642395543781 , 50.0894033263188
3925 , 11.8660381555474 , 21.8217876217681
3926 , 11.8675936370249 , 21.9615036595424
3927 , 11.8692138452282 , 28.0718981801391
3928 , 11.8737026010011 , 48.6157791605161
3929 , 11.8720299686035 , 20.9365291085257
3930 , 11.8730426004505 , 37.9472655058384
3931 , 11.8642730400687 , 51.9341228169768
3932 , 11.8852386467759 , 48.3921524065552
3933 , 11.877395296853 , 16.7433225149367
3934 , 11.8803395324589 , 16.7849842127506
3935 , 11.8835963493566 , 32.3373464199593
3936 , 11.8824392560703 , -26.9704524727518
3937 , 11.8887149618313 , 20.564856811129
3938 , 11.8907297756281 , 44.0541164479919
3939 , 11.8337904082358 , 74.2349824448802
3940 , 11.8897990432526 , 20.9229005420779
3941 , 11.8923484501307 , 36.9197521751511
3942 , 11.8684490568736 , -11.4901774118936
3943 , 11.8926010540512 , 20.4123566418055
3944 , 11.8949635027815 , 26.1405281134036
3945 , 11.8977509799333 , 60.6079901405647
3946 , 11.8992667854538 , 20.9545569747865
3947 , 11.8991826680924 , 20.6848427631048
3948 , 11.9037094210475 , 20.8842774567403
3949 , 11.9052598939677 , 47.7926815835745
3950 , 11.9051765605223 , 47.817683486543
3951 , 11.9050255989555 , 23.3153152146603
3952 , 11.9046048526287 , -4.06306091683924
3953 , 11.9072695765399 , 52.2576677890372
3954 , 11.9051245550086 , 20.8156672910951
3955 , 11.9093408046825 , -23.229274597542
3956 , 11.9103692513151 , -20.6316407225038
3957 , 11.9105360860553 , -19.6339179544529
3958 , 11.9198963893985 , 58.2993298084101
3959 , 11.9205733399676 , -7.82204709385953
3960 , 11.8526544246415 , -55.7393896936253
3961 , 11.9269377907417 , 69.2624954724889
3962 , 11.9211796906868 , -14.0400567687058
3963 , 11.9269137718851 , 58.4259862813446
3964 , 11.9250674528263 , 28.1957238355026
3965 , 11.9288217986805 , -10.9438318035269
3966 , 11.9558443518169 , 31.9542200332101
3967 , 11.9296574678442 , -7.90871121535528
3968 , 11.9348030320506 , 11.902062314044
3969 , 11.9293200607248 , -18.9922878413516
3970 , 11.9345996729191 , -12.1268264682291
3971 , 11.9369854330876 , 29.9287280060286
3972 , 11.9397418123743 , 55.2526261835833
3973 , 11.9371083270741 , 11.9306706686993
3974 , 11.9379334556761 , -12.092661364172
3975 , 11.9421830169734 , 60.4623719502146
3976 , 11.9427054103009 , 6.68199055414259
3977 , 11.945844376798 , 55.323450799085
3978 , 11.9468668449519 , 60.4554191962622
3979 , 11.9437744525664 , -2.78646817252626
3980 , 11.945844376798 , 55.323450799085
3981 , 11.9454088175548 , -19.9622321540354
3982 , 11.9515801008366 , 55.0576084776793
3983 , 11.9500873417639 , 23.8010955184469
3984 , 11.9369854330876 , 29.9287280060286
3985 , 11.9552272907483 , 48.2681708722252
3986 , 11.9558443518169 , 31.9542200332101
3987 , 11.9659998835056 , 25.1282680140614
3988 , 11.9669275022877 , 27.810974722432
3989 , 11.9675828084382 , 25.1657669854967
3990 , 11.9703032983534 , 55.3911998492533
3991 , 11.9687526010186 , 32.2683703396238
3992 , 11.9702438523586 , 53.306197233909
3993 , 11.9706364422197 , 25.1732641575429
3994 , 11.9704458052223 , 32.2103135439014
3995 , 11.9724442430505 , 32.225867307769
3996 , 11.9729641822233 , 14.2308426967316
3997 , 11.9736628560217 , 25.2038160492667
3998 , 11.9759608025729 , 55.3864700991415
3999 , 11.9758546980444 , 25.0013204838084
