7000 , 20.9869055648107 , 44.5592900772426
7001 , 21.0282919409627 , -0.151249732571138
7002 , 21.0752105762597 , -48.9835414766796
7003 , 21.0202408151704 , 17.8477967400981
7004 , 21.0799382278385 , -49.0684861455834
7005 , 21.0426521721252 , -12.836030968066
7006 , 21.0334517862067 , 16.231309423075
7007 , 21.1041504965641 , -52.5058709971283
7008 , 21.0140991327468 , 54.5869895290265
7009 , 21.0797316158266 , -11.3187059718522
7010 , 21.0877244766964 , -12.2933107808589
7011 , 21.0366082081637 , 47.3980123495645
7012 , 21.1248795999727 , -44.7684600269008
7013 , 21.0670441254484 , 29.940524371704
7014 , 21.1435640210864 , -47.1323365966686
7015 , 21.1025679873244 , 11.457754312818
7016 , 21.131995615377 , -25.4232500694053
7017 , 21.1331910732794 , -25.4421253195526
7018 , 21.1345476304865 , -25.3837792480857
7019 , 21.1179379490295 , -24.3676055674192
7020 , 21.2037593435868 , -63.97773391359
7021 , 21.2037593435868 , -63.97773391359
7022 , 21.1723950914143 , -49.2569569278224
7023 , 21.0279098392612 , 68.2130213614982
7024 , 21.1092829417714 , 41.5341499266457
7025 , 21.1384373782171 , 16.380346371944
7026 , 21.11122088961 , 47.8970174635675
7027 , 21.1238297886765 , 42.2810034378793
7028 , 21.1459812291397 , 18.5245854243782
7029 , 21.2103003326387 , -49.236570467346
7030 , 21.1975493450552 , -20.4407519357603
7031 , 21.1258100994418 , 50.9144656983439
7032 , 21.2722783717545 , -68.2391175547523
7033 , 21.1687343981032 , 15.1701588449949
7034 , 21.1692612619813 , 15.1959982657947
7035 , 21.1899763861249 , -23.0893644990975
7036 , 21.178667132759 , 15.4216613867502
7037 , 21.1867861669041 , 33.7731046815787
7038 , 21.2644274872988 , -47.1727651582613
7039 , 21.1863799543524 , 45.6673669584865
7040 , 21.2302751267595 , 8.91065708677367
7041 , 21.2880185935595 , -48.3152669762293
7042 , 21.2381383615811 , 13.6206988945382
7043 , 21.2432764850071 , 13.6721459215594
7044 , 21.2260175185381 , 42.5417038286309
7045 , 21.2565536578908 , 4.55378775969763
7046 , 21.2582216632555 , 2.88049762106521
7047 , 21.2837897812198 , -0.779994855645177
7048 , 21.2439087738755 , 46.3350214382489
7049 , 21.3291357292176 , -48.5131856210882
7050 , 21.2617738742812 , 36.2187391595181
7051 , 21.3408085509792 , -8.73534475144649
7052 , 21.3172189728327 , 26.4937852370203
7053 , 21.3603589445239 , 23.1323280273102
7054 , 21.3525522138288 , 39.2187238005706
7055 , 21.3298185407564 , 57.64348889747
7056 , 21.3772819990473 , 18.7127988423234
7057 , 21.4280381853909 , -42.4113283461885
7058 , 21.356461505031 , 50.88116451979
7059 , 21.4697097675895 , -59.9647752358224
7060 , 21.443299664504 , -42.3617407154283
7061 , 21.4697373164111 , -49.0137687644096
7062 , 21.397422027108 , 46.4262876689007
7063 , 21.4135082919618 , 36.5310603167847
7064 , 21.4968950909749 , -52.7172803663009
7065 , 21.45484784077 , -6.94641251138509
7066 , 21.4459251847022 , 14.2310607724914
7067 , 21.409639213289 , 48.064514433061
7068 , 21.4511941658326 , 12.2325144718636
7069 , 21.4778214059239 , -1.59792091224309
7070 , 21.5187618355921 , -43.0368454289601
7071 , 21.4507994248757 , 47.9710990132669
7072 , 21.5220426124141 , -43.102645863254
7073 , 21.500547929042 , -11.4397634755168
7074 , 21.5032723252745 , 6.73087275921118
7075 , 21.5372320875437 , -38.5682012794282
7076 , 21.4438764478079 , 62.9402446269901
7077 , 21.509220207532 , 2.46346866751939
7078 , 21.5084276157024 , 12.216177067873
7079 , 21.5548628553108 , -44.0173162084787
7080 , 21.508644378287 , 26.7670366295998
7081 , 21.5327715075117 , 2.5400978746231
7082 , 21.4945401856947 , 47.1754682410114
7083 , 21.6098622396555 , -63.8520047453086
7084 , 21.5511420754486 , 17.5574539255974
7085 , 21.5494752252358 , 6.63079477897784
7086 , 21.513612031742 , 51.6496633226993
7087 , 21.5874841090967 , -40.7679539702006
7088 , 21.5655965211044 , -0.333988556651934
7089 , 21.5670603880974 , -0.773414068883794
7090 , 21.6204178723623 , -54.5038961904331
7091 , 21.5800732996835 , -36.6036964910176
7092 , 21.5388834131477 , 48.4701579239223
7093 , 21.5791849057748 , 46.0152765103689
7094 , 21.6236128362045 , 12.8393097778942
7095 , 21.8960256703774 , -81.4771814840732
7096 , 21.7026050723173 , -63.8562206792245
7097 , 21.6818046888329 , -42.4879017368922
7098 , 21.7551524422507 , -75.0579182175125
7099 , 21.6832607085027 , -23.1278052537867
7100 , 21.6609907711557 , 9.00079784808808
7101 , 21.6686613207033 , 8.92754058784879
7102 , 21.671554548469 , 6.33618548641732
7103 , 21.6747028828485 , -22.4226200179058
7104 , 21.6780032891442 , -22.3737021843804
7105 , 21.7047222188795 , -10.5842008764824
7106 , 21.7225338770506 , -52.6472548386486
7107 , 21.7190754587298 , -44.7402953548517
7108 , 21.7079997524578 , -6.65782549050296
7109 , 21.7106339201752 , -34.3948129708613
7110 , 21.7143657197031 , -34.1114541068174
7111 , 21.7079997524578 , -6.65782549050296
7112 , 21.7162807016034 , 12.619954219379
7113 , 21.7162807016034 , 12.619954219379
7114 , 21.7026404700711 , 42.8929303899666
7115 , 21.7381175433307 , -25.2997731267601
7116 , 21.7193040597942 , 28.9976010078753
7117 , 21.7749999725353 , -48.3688902342493
7118 , 21.7813206490345 , -48.3010643271577
7119 , 21.7828118785915 , -46.4633258608151
7120 , 21.7522921777558 , -6.47186133240951
7121 , 21.7575613031911 , -3.56850237426386
7122 , 21.773106633459 , -8.77887214343812
7123 , 21.8613561273355 , -70.280299467312
7124 , 21.8135577968753 , -50.5129617016617
7125 , 21.8343662576879 , -60.6594312721039
7126 , 21.8349332317723 , -60.5563761852294
7127 , 21.7341600712011 , 54.6815899279274
7128 , 21.7386532169562 , 53.7668906303855
7129 , 21.719855571087 , 66.1648221231442
7130 , 21.816370468805 , -34.900567765539
7131 , 21.8033372421733 , -13.130500035157
7132 , 21.7969259622372 , 10.2929459974378
7133 , 21.7442511544281 , 66.2203614017888
7134 , 21.8255444711224 , -12.9183618181321
7135 , 21.8404345616544 , -34.8237016231041
7136 , 21.8386331622821 , -11.7407595505025
7137 , 21.8121009000334 , 22.2115005675202
7138 , 21.8258889322744 , 12.5657271747319
7139 , 21.7732148566026 , 63.8444871540885
7140 , 21.8833453577074 , -55.5164306547818
7141 , 21.8833453577074 , -55.5164306547818
7142 , 21.7562784282618 , 65.8265865717152
7143 , 21.8230486476552 , 30.009206251772
7144 , 21.8903089387018 , -48.2015844717471
7145 , 21.9007966230628 , -47.8292914601464
7146 , 21.8725119917507 , 3.06946648631398
7147 , 21.8755388992598 , 3.12449375706932
7148 , 21.878333186263 , 3.3942411164905
7149 , 21.8792236795765 , 3.35397125047494
7150 , 21.8462827443373 , 49.8087303785325
7151 , 21.9297377333958 , -50.6045473591629
7152 , 21.9103885568458 , -29.2362993606119
7153 , 21.9204557825508 , -29.0109454812709
7154 , 21.9334532562856 , -34.7607308542445
7155 , 21.9479015560588 , -49.4683303832786
7156 , 21.9186564828848 , 2.99487695067181
7157 , 21.9595456073445 , -25.2976360741971
7158 , 21.9676829742499 , -11.5388299430637
7159 , 21.949369768271 , 13.616032582603
7160 , 21.8992155576383 , 62.6568556687873
7161 , 21.958769947463 , 2.9696716174356
7162 , 22.0054603565271 , -43.2505521080842
7163 , 21.9997101584139 , -31.8299929965221
7164 , 21.9492744271699 , 1.41736508712105
7165 , 22.0006694306896 , -16.4593568284063
7166 , 22.0204238180293 , -43.335994107379
7167 , 22.0189620263579 , -24.5794003264917
7168 , 22.0472705300353 , -51.6889305170613
7169 , 22.0584496334048 , -47.6431163106897
7170 , 22.0336378146884 , -5.37859040271379
7171 , 22.0271511809945 , -13.2161131743618
7172 , 22.0445159659039 , -31.8160433688088
7173 , 22.0449084602338 , -31.9190926057123
7174 , 22.0456866226297 , -31.938531985025
7175 , 21.9858315107645 , 54.8744104790099
7176 , 22.0463254517845 , -31.9365840303719
7177 , 22.0202126609583 , 17.7908704518032
7178 , 22.0511988978459 , -35.7367573415383
7179 , 22.0935063444833 , -63.9918746744836
7180 , 22.0487009407884 , -20.4939389757921
7181 , 22.0382605712073 , -1.90633082574171
7182 , 22.0405458713796 , -2.14242333549151
7183 , 22.0493875233595 , -18.8617270129565
7184 , 22.0546541616022 , -20.7586130154292
7185 , 22.0592781864668 , -20.4174691174051
7186 , 22.0259530526505 , 35.1323299371756
7187 , 22.0564129967998 , -32.7492704355973
7188 , 22.0682684210995 , -20.263513824502
7189 , 22.0638621152558 , 0.625273623636166
7190 , 22.0608799111186 , 11.2536495440014
7191 , 22.127474170516 , -64.5782936035113
7192 , 22.1270636955653 , -64.2608111436951
7193 , 22.0601175589329 , 10.8561394340125
7194 , 22.0675748024853 , 12.6909427089777
7195 , 22.0673789031211 , 12.71538569801
7196 , 22.1102618298914 , -50.0643599687908
7197 , 22.0569442853903 , 41.1138653120479
7198 , 22.096740297588 , -0.593629815663437
7199 , 22.1549008909055 , -64.6506121918559
7200 , 22.1310049506264 , -49.9406105976782
7201 , 22.1195267087614 , -31.2093881381249
7202 , 22.1226611072659 , -31.1640887878264
7203 , 22.1227988454961 , -31.1088084591823
7204 , 22.1253750867409 , -30.9954581445363
7205 , 22.1548385717736 , -57.3872029252099
7206 , 22.103528099669 , 16.8396296511445
7207 , 22.1048351396947 , 16.8221414911294
7208 , 22.1507201905015 , -28.9966938677677
7209 , 22.0926385521593 , 46.5385029257555
7210 , 22.114491517962 , 27.1646185126696
7211 , 22.1158065918518 , -8.03515417324934
7212 , 22.1263734629056 , 10.2891857485432
7213 , 22.1659377625323 , -47.1118241191203
7214 , 22.1625783328944 , -27.7549555419528
7215 , 22.1523646204112 , 0.566817319078144
7216 , 22.2237713991502 , -68.6058875996146
7217 , 22.1393186882827 , 31.4143668548153
7218 , 22.1799021194345 , -16.6057567645135
7219 , 22.2322065637916 , -64.7928898552182
7220 , 22.2021777029083 , -22.8980556041793
7221 , 22.1980889036008 , -30.5082845316671
7222 , 22.1904228345338 , 2.16129085580944
7223 , 22.1768556427567 , 41.0727106036288
7224 , 22.2016208713182 , 25.9203291826788
7225 , 22.2292024109537 , -26.0931152107005
7226 , 22.1805056896244 , 55.4545662823561
7227 , 22.1998296326606 , 38.7764576851123
7228 , 22.2046396826013 , 38.7545527010122
7229 , 22.2447365474491 , -29.3279771311352
7230 , 22.2470074801072 , -17.0191609260596
7231 , 22.2157749678699 , 45.3845594378235
7232 , 22.2716909731351 , -45.7944909092123
7233 , 22.2748548973631 , -45.7905810433117
7234 , 22.2130926451188 , 57.3274157640394
7235 , 22.2130926451188 , 57.3274157640394
7236 , 22.2548224636555 , 13.9019255973531
7237 , 22.2553510033407 , 13.8963741162853
7238 , 22.2642113920399 , 22.5757671966393
7239 , 22.2599941920829 , -4.99739379034228
7240 , 22.2642455425259 , 37.3366806437412
7241 , 22.2725959085685 , 19.2871584235927
7242 , 22.2688580360156 , 37.353941468037
7243 , 22.2593847844659 , 49.9539610322576
7244 , 22.2829828490296 , 16.5274658609707
7245 , 22.2615793507366 , 54.3899571112875
7246 , 22.3051353422246 , -15.5143144942421
7247 , 22.3049958754593 , -23.6748404708516
7248 , 22.2890145986743 , 40.5616997870984
7249 , 22.3536938929919 , -55.0682339549196
7250 , 22.3126986999841 , 40.6196715510158
7251 , 22.3508516194113 , -15.7170592318381
7252 , 22.356034357515 , -24.6222787050529
7253 , 22.3326403795806 , 29.4534088212432
7254 , 22.3868105351529 , -21.6784818417291
7255 , 22.3954978512777 , -15.4848215534269
7256 , 22.3868105351529 , -21.6784818417291
7257 , 22.3863998038269 , -4.06455095508823
7258 , 22.3931720213964 , -28.2889637922986
7259 , 22.3952764018757 , -28.8981137546318
7260 , 22.3863998038269 , -4.06455095508823
7261 , 22.3426312866433 , 58.1791030983938
7262 , 22.4017317542578 , -32.3083210336781
7263 , 22.3706276436234 , 36.4066769735662
7264 , 22.3784927367359 , 36.443960497613
7265 , 22.3823955817146 , 36.2673193787621
7266 , 22.4093135925919 , -4.01661766960575
7267 , 22.4165244988895 , -33.636830145676
7268 , 22.4383884818192 , -31.1444977565756
7269 , 22.4395264277137 , -13.1103641074972
7270 , 22.404823117712 , 32.4601592109131
7271 , 22.4076042481373 , 32.4246247615631
7272 , 22.4177155392351 , 16.6454184651765
7273 , 22.4106380894933 , 36.2575372864068
7274 , 22.4111705508039 , 36.1836501601444
7275 , 22.4131047128106 , 32.5041106033649
7276 , 22.4120912231618 , 36.1453216123447
7277 , 22.4467979990215 , -31.0891712171763
7278 , 22.4849533080627 , -60.1121022426772
7279 , 22.4640748928953 , -35.0832025596147
7280 , 22.4499628913178 , 16.2053597507396
7281 , 22.4219670108872 , 57.8789072779674
7282 , 22.4395462863858 , 40.3731630520153
7283 , 22.4846794044757 , 17.5281327116721
7284 , 22.4868135757074 , -24.7875776749286
7285 , 22.4873687168172 , -24.7836863072508
7286 , 22.4725137478692 , 29.1541795350252
7287 , 22.4902278220124 , -22.1464512834316
7288 , 22.4803581879506 , -2.82780335380916
7289 , 22.4994791612808 , -35.4149400970968
7290 , 22.4829667451028 , 17.2050574211427
7291 , 22.4837861659812 , 16.8408879284499
7292 , 22.4822457041316 , 30.3506739155301
7293 , 22.5040703990406 , -20.7794247646241
7294 , 22.5456923765798 , -25.3408450613224
7295 , 22.4743005614799 , 52.3655013617404
7296 , 22.4743005614799 , 52.3655013617404
7297 , 22.5301296054701 , -37.769743979802
7298 , 22.5239246520544 , -14.1315117827577
7299 , 22.5364569178895 , -37.7524871695297
7300 , 22.5265014628841 , -13.9459395704991
7301 , 22.519633838539 , -17.516549480631
7302 , 22.5498328329258 , -14.0635780722066
7303 , 22.5342777148467 , 31.0146760145152
7304 , 22.5374461191548 , 31.038307566381
7305 , 22.546326069772 , 11.7703658478179
7306 , 22.5647956888701 , -27.1885112146333
7307 , 22.5752717162254 , -40.8772482291213
7308 , 22.5853743293713 , -12.876140181163
7309 , 22.5821396113517 , -10.2986383979837
7310 , 22.5869758536112 , -22.4275587899016
7311 , 22.5778443917664 , 5.62766716514363
7312 , 22.5856721325302 , 5.87522091967163
7313 , 22.6025189347609 , -26.0444182256713
7314 , 22.6062657747258 , -25.9927309666573
7315 , 22.6004331506826 , 34.8624777594924
7316 , 22.6078245242112 , 20.3804216087987
7317 , 22.6061145829437 , 34.0038787413322
7318 , 22.6074478823381 , 34.0247205754308
7319 , 22.609337570867 , 34.0350131927694
7320 , 22.609338803937 , 34.0069538574067
7321 , 22.6165896474402 , 21.680236393365
7322 , 22.6414656504343 , -37.1736075177834
7323 , 22.6237860414815 , 19.2027154158309
7324 , 22.6258686046078 , 19.2049503444491
7325 , 22.6218569768094 , 34.4259446132084
7326 , 22.6228278244589 , 34.4823396758909
7327 , 22.6242439688176 , 34.5262414904513
7328 , 22.6339632083879 , 10.5897862995904
7329 , 22.6856681832965 , -66.4206913168659
7330 , 22.6237468319576 , 38.6069306675256
7331 , 22.6264424365922 , 34.4790307885007
7332 , 22.6322742888489 , 23.8565127103361
7333 , 22.6282753416205 , 34.4962660186301
7334 , 22.6414656504343 , -37.1736075177834
7335 , 22.6304439112244 , 34.5071136336538
7336 , 22.6311095401679 , 34.5410106409158
7337 , 22.6324211904572 , 34.4326821665491
7338 , 22.6336971323551 , 34.4735229638783
7339 , 22.6384995233185 , 23.8448849774738
7340 , 22.637282619348 , 34.4693804065967
7341 , 22.6616157207991 , -22.6085433645553
7342 , 22.645325669678 , 35.5575270949463
7343 , 22.652225381293 , 34.130581667982
7344 , 22.6696071153257 , -4.10083704493279
7345 , 22.654135138415 , 35.5995313634257
7346 , 22.6690114783225 , 11.1422357175649
7347 , 22.6747352842453 , 11.0861571609143
7348 , 22.6858803677284 , 11.9645788069425
7349 , 22.6974387760922 , -21.7386318745391
7350 , 22.6892115013402 , 12.0654344758535
7351 , 22.7003901352938 , -4.38594663167446
7352 , 22.6688156290885 , 57.4548941388652
7353 , 22.7126382657993 , 11.9358485790975
7354 , 22.6786476743225 , 61.3462272471626
7355 , 22.7355462683143 , -36.8070407026999
7356 , 22.709205605471 , 30.7686139685743
7357 , 22.7152311680883 , 30.2311319669933
7358 , 22.7720102428289 , -65.0628546462548
7359 , 22.7566855164741 , -23.6297315032576
7360 , 22.7355105728813 , 4.21051980403899
7361 , 22.715214561914 , -29.9993864869865
7362 , 22.7395899945641 , 8.76453647738684
7363 , 22.7302590239497 , 34.058027062238
7364 , 22.7495327421199 , -0.103935570547969
7365 , 22.7627269569905 , -19.8932940015006
7366 , 22.7499253211907 , 10.8407583714246
7367 , 22.752219458955 , 3.70504607323645
7368 , 22.7692123936392 , -39.283538515548
7369 , 22.7451710121232 , 34.4111889317705
7370 , 22.7695060250792 , 11.1172651064209
7371 , 22.7773986103226 , -10.9420212084653
7372 , 22.7719781343986 , 11.1903366228789
7373 , 22.7814529792069 , 3.26880719780012
7374 , 22.7761809115732 , 10.9125750216344
7375 , 22.7844849331506 , 21.1434755835519
7376 , 22.7975832201076 , 3.70418131984064
7377 , 22.8064901510476 , -22.2528197947008
7378 , 22.8062735364752 , -11.7579988392327
7379 , 22.8007119799383 , 40.2992513311658
7380 , 22.796150928647 , 58.1932696642644
7381 , 22.8454972538942 , -19.6659542337087
7382 , 22.850292294832 , -36.798198715763
7383 , 22.8357325565438 , 11.6162537229072
7384 , 22.8376781461521 , 11.5473729097144
7385 , 22.8410364375709 , 11.6673946784784
7386 , 22.8430910536437 , 11.7574078781821
7387 , 22.8474266779301 , 11.6965961326866
7388 , 22.8483703805712 , 11.7707697162839
7389 , 22.8469838888402 , 11.6260359228885
7390 , 22.8479576158511 , 11.5904846776399
7391 , 22.8528431991012 , -1.48564779136367
7392 , 22.8734252516383 , -20.5497255226666
7393 , 22.8702076509393 , -5.49814262696138
7394 , 22.8473299835999 , 52.1963996362804
7395 , 22.8592067602099 , 37.1486434649769
7396 , 22.882397856906 , 1.15150115304422
7397 , 22.8890635368249 , 1.1918124844368
7398 , 22.8897851563086 , 1.26098429321239
7399 , 22.8872584149533 , -9.20840644877543
7400 , 22.9163302559819 , -45.288161568869
7401 , 22.8923692785739 , 1.20182888546622
7402 , 22.8940085431085 , 1.20433688147733
7403 , 22.8945276475356 , 1.54156963864876
7404 , 22.915532665546 , -39.2557043100674
7405 , 22.902531672416 , 12.5363513566357
7406 , 22.9086151258501 , -6.51964793198384
7407 , 22.8978090232112 , 32.1900600596549
7408 , 22.9438422759552 , -63.6358506418279
7409 , 22.9056720724553 , 20.270782985614
7410 , 22.9271986722575 , -39.6031574214969
7411 , 22.9186778914428 , 20.2966854011315
7412 , 22.9399138834227 , -42.5822621814942
7413 , 22.9266866913083 , 13.2809407583301
7414 , 22.9326053565844 , 13.3087487408552
7415 , 22.923372904207 , 20.3222658225793
7416 , 22.9378125320477 , -5.43560388694365
7417 , 22.9751024604625 , -64.9787723793818
7418 , 22.9535767988516 , -36.9697332851226
7419 , 22.9124960366327 , 60.8771554334333
7420 , 22.9342995299145 , 29.8660034681819
7421 , 22.9587756102789 , -37.2858211912007
7422 , 22.9461465084594 , 3.98660051400835
7423 , 22.9263623360282 , 57.1581914591092
7424 , 22.9654833949548 , -41.0116186899921
7425 , 22.9640295263502 , -10.8905917040866
7426 , 22.9426925787466 , 36.4229736007006
7427 , 22.9620229639559 , 8.56597051348108
7428 , 22.9649169975412 , -0.989549416532033
7429 , 22.9404183922238 , 60.0350667992194
7430 , 22.9675456865337 , 8.85433912015092
7431 , 22.9696513474211 , 26.2249395613911
7432 , 22.9764808995833 , 13.1945157081821
7433 , 22.973237890679 , 26.2227345770371
7434 , 22.9821136040693 , -1.12364235834906
7435 , 22.9739875535226 , 26.1994038856515
7436 , 22.9744884080959 , 26.2102412354543
7437 , 22.9786497021027 , 14.3687310337072
7438 , 22.9631745405471 , 54.3721743346419
7439 , 22.9782060152893 , 29.2895454656898
7440 , 22.9842743640037 , 35.8640060238469
7441 , 22.9544598299734 , -7.32028973848989
7442 , 22.9998782003138 , 15.6085960128029
7443 , 23.012138464438 , -12.7482019082998
7444 , 23.0121680981986 , -12.7745915342229
7445 , 22.9980242999521 , 39.169213869002
7446 , 22.9998318937414 , 39.1445004497536
7447 , 23.016901312025 , -10.4678638085492
7448 , 23.010149859491 , 16.0403256523709
7449 , 23.0022486506119 , 39.2070153803599
7450 , 23.022971740111 , -12.8581605202726
7451 , 23.0205903842558 , 8.52762931686958
7452 , 23.0225435221832 , 6.80591923425822
7453 , 23.0333761886955 , -6.29409919501023
7454 , 23.0276464340306 , 16.4495894475423
7455 , 23.0206978623006 , 7.36342784158853
7456 , 23.0463998833997 , -39.5096762513346
7457 , 23.025404878015 , 30.2056529314126
7458 , 23.034031461215 , 1.8133266169375
7459 , 23.0259044221003 , 6.80954532381194
7460 , 23.0379652802175 , 2.32363527734479
7461 , 23.0391958030611 , 15.6429471473964
7462 , 23.056451406275 , -40.7760289586425
7463 , 23.0402146017642 , 16.0424106034286
7464 , 23.0407704771227 , 16.0349133448699
7465 , 23.0427439040234 , 16.0257559580836
7466 , 23.0431687889042 , 27.1139502467021
7467 , 23.0501155607577 , 15.6152193389964
7468 , 23.0589293590438 , 16.6650179748957
7469 , 23.0636188615482 , 8.9342206544811
7470 , 23.0976955949786 , -50.0519569183933
7471 , 23.0746125459151 , -22.8469991099213
7472 , 23.1034836023343 , 3.1192079599703
7473 , 23.0746853601313 , 30.2211719774377
7474 , 23.0769434929561 , 20.1285594112796
7475 , 23.078554022356 , 20.1399564645117
7476 , 23.0969693514926 , -43.0383936794875
7477 , 23.0873983125731 , 3.17858886417497
7478 , 23.0917980329341 , 2.63775761021812
7479 , 23.0916682029965 , 12.3827898402326
7480 , 23.0965199282369 , 2.60972048984143
7481 , 23.1073237760354 , -19.8801790545019
7482 , 23.1034836023343 , 3.1192079599703
7483 , 23.1061416250578 , 3.60562204896272
7484 , 23.1281478384178 , -36.2130255296753
7485 , 23.1100684519416 , 34.1695590557977
7486 , 23.1124583037309 , 34.1637369844597
7487 , 23.1229379385177 , 28.2407564616478
7488 , 23.1397175104775 , 1.00150970827098
7489 , 23.1347358485596 , 23.058930391769
7490 , 23.132440627835 , 32.4370864345418
7491 , 23.144582356243 , -5.90615979175905
7492 , 23.1504877416248 , -15.550793122756
7493 , 23.151579442928 , 0.970442693159339
7494 , 23.159433565646 , -24.3092323633974
7495 , 23.1585523468456 , 12.1088908645166
7496 , 23.173263735197 , -43.3676155660778
7497 , 23.1601278624034 , 18.2385700898173
7498 , 23.1754279595173 , -24.3644597820396
7499 , 23.182220473724 , 7.64188220410564
7500 , 23.1842172915139 , 11.0736762912968
7501 , 23.1844428100179 , 7.65022373211688
7502 , 23.1819637884549 , -21.6763481184851
7503 , 23.1877495680627 , 7.6288467425271
7504 , 23.1873223588985 , 14.4471463739263
7505 , 23.1927820464736 , 13.6924171436793
7506 , 23.2042404491187 , -2.09917868115715
7507 , 23.2120049004531 , -28.4785650060751
7508 , 23.2062711882984 , 13.0021646781935
7509 , 23.215161391754 , 14.670872649754
7510 , 23.1919082559665 , 60.6339174977358
7511 , 23.216565565038 , 13.7880671075493
7512 , 23.2147006257171 , 31.1873903486183
7513 , 23.2303804318102 , -28.2979554346954
7514 , 23.2158785317548 , 34.9431187499085
7515 , 23.2227803411107 , 12.740828356117
7516 , 23.2235295405592 , 20.3102949793929
7517 , 23.2300173378182 , -2.03936659398082
7518 , 23.2296105735884 , 6.38256851185004
7519 , 23.2290929989417 , 10.8327255093168
7520 , 23.2386111454234 , -23.725374999234
7521 , 23.2359841148616 , -1.66989122677826
7522 , 23.2698903354417 , -22.8341639278391
7523 , 23.2355673935314 , 14.0478704057823
7524 , 23.2390950334784 , -1.66988084726872
7525 , 23.2371500522517 , 14.0825997256157
7526 , 23.2435930062918 , -9.16035032223833
7527 , 23.237301843633 , 24.9644335071073
7528 , 23.2482164348592 , 10.2922189948347
7529 , 23.2435418947937 , 9.05326825014363
7530 , 23.2461117633109 , -2.71822220927069
7531 , 23.2569349914347 , -43.538791319495
7532 , 23.2490269933478 , -2.66710001033846
7533 , 23.2489604148648 , -1.97263501230328
7534 , 23.2502213854416 , -2.63876194440606
7535 , 23.2461598362588 , 13.6434492594041
7536 , 23.2462463148557 , 13.4878877309833
7537 , 23.2523639272818 , 4.55980773893395
7538 , 23.2347461621487 , 61.5749904613022
7539 , 23.2505848378938 , 23.7463781217634
7540 , 23.252593841337 , 16.0116212250887
7541 , 23.2547533233835 , 4.59537250561179
7542 , 23.2542398839631 , 10.7044781487802
7543 , 23.2519028455649 , 28.3896403935118
7544 , 23.2586579575535 , -2.1381640707051
7545 , 23.2690231528673 , -38.4748664489381
7546 , 23.261049406294 , -2.26482687459219
7547 , 23.2601245295506 , 19.0351052365573
7548 , 23.2621420346932 , 25.3437141564602
7549 , 23.2639315399808 , 19.102899806833
7550 , 23.2636269026449 , 19.0223401022124
7551 , 23.2653481120189 , 16.0022229430491
7552 , 23.2797257295506 , -42.5245718705519
7553 , 23.2683500859371 , 19.1101376105355
7554 , 23.270992960439 , -2.31729667881544
7555 , 23.2604881495397 , 12.6245725581644
7556 , 23.2718545106625 , -2.32062717600285
7557 , 23.2704153886548 , 6.76994603712636
7558 , 23.2697973817865 , 18.9818051853238
7559 , 23.2722000136973 , 13.351586983859
7560 , 23.274367073891 , 4.5568261188817
7561 , 23.2753940605575 , 4.58349721507389
7562 , 23.275388898816 , 6.74829542891295
7563 , 23.2748141880969 , 13.2579813894772
7564 , 23.2763516151191 , 7.40943351377877
7565 , 23.2814331872175 , 0.0025310732142536
7566 , 23.2865758545181 , -2.26946840590456
7567 , 23.2789090897461 , 15.9125449579007
7568 , 23.2826689328973 , 24.5590354540197
7569 , 23.2883858084899 , 8.96786449217507
7570 , 23.2883700269033 , 13.5447064387558
7571 , 23.3176250572887 , 18.7500210972146
7572 , 23.2898412867026 , 18.5449153000674
7573 , 23.2837621512088 , -22.0935598860722
7574 , 23.2826689328973 , 24.5590354540197
7575 , 23.2985465214184 , 5.72250197913511
7576 , 23.2991920540545 , -4.6670020071327
7577 , 23.297466698489 , 7.42700433755556
7578 , 23.295839505574 , 18.7630012622676
7579 , 23.3034638403687 , 9.49515687666115
7580 , 23.3027822387758 , 14.0628328088148
7581 , 23.2547533233835 , 4.59537250561179
7582 , 23.3166021906041 , -42.3094891785444
7583 , 23.3073838505019 , 7.44064894801695
7584 , 23.3074371411227 , 9.49489250441547
7585 , 23.3099128966274 , -4.58946774648337
7586 , 23.3081166050257 , 8.64569602922126
7587 , 23.3091003596991 , 9.74157365760654
7588 , 23.3085661566183 , 18.8144368862656
7589 , 23.3138195458966 , 0.32264249262376
7590 , 23.3252305120014 , -42.1789150614189
7591 , 23.3138969975428 , 6.64730708696166
7592 , 23.3156596125391 , -4.35555466651389
7593 , 23.3084646389467 , 11.4102467304145
7594 , 23.3132028480995 , 10.3591111178126
7595 , 23.3177373382719 , 9.9935559101126
7596 , 23.2962490460321 , -6.85096189217012
7597 , 23.3176250572887 , 18.7500210972146
7598 , 23.3184585401431 , 18.8114163175139
7599 , 23.3325021464681 , -42.1977887237378
7600 , 23.3245317642602 , -7.51923184100329
7601 , 23.3224442496159 , 9.29493388732607
7602 , 23.3212946383428 , 18.7605902492962
7603 , 23.3251528650111 , 0.305176262201896
7604 , 23.307133534915 , 7.49120535121177
7605 , 23.3073838505019 , 7.44064894801695
7606 , 23.3275992210459 , -8.42563757716209
7607 , 23.3258014504858 , 11.4030814728571
7608 , 23.3302906485321 , 8.41159152478181
7609 , 23.3343582927226 , 9.56998219678763
7610 , 23.3375712100544 , 10.2458521706804
7611 , 23.336186240434 , 8.12493279838208
7612 , 23.3382903222604 , 8.6382920300465
7613 , 23.3403207088501 , 0.25938647408208
7614 , 23.3407653534936 , 0.243276118266036
7615 , 23.3411548097941 , 8.46079468202043
7616 , 23.3375712100544 , 10.2458521706804
7617 , 23.3451859685883 , 8.22746454777044
7618 , 23.338478630133 , 42.9156543477656
7619 , 23.3467684824052 , 8.26830443808824
7620 , 23.3440129756741 , 24.2828532612502
7621 , 23.3495735412656 , 8.42804147976278
7622 , 23.3711521496269 , -62.0570179024799
7623 , 23.3510177666253 , 8.45776949300601
7624 , 23.3486776087863 , 27.3768996274441
7625 , 23.3509681265059 , 17.2884039877848
7626 , 23.354547155722 , 8.27832900494175
7627 , 23.3845593474226 , 11.9552319207454
7628 , 23.3577115265077 , 25.9607543944129
7629 , 23.3648349665847 , 1.46477647007253
7630 , 23.3638663684777 , 11.4590378727714
7631 , 23.3668001498291 , 8.27892114765653
7632 , 23.3769358771734 , -42.4199210231282
7633 , 23.39481236883 , -67.5930002503842
7634 , 23.370959157129 , 8.94896026006022
7635 , 23.3536285493255 , 61.2754838715788
7636 , 23.3856949334448 , -29.220365235539
7637 , 23.4530406817271 , -81.8500761994783
7638 , 23.3851775271287 , 11.3910448487718
7639 , 23.3894017954747 , 11.4349474919101
7640 , 23.3772722955882 , 40.9079230862304
7641 , 23.3845593474226 , 11.9552319207454
7642 , 23.3909747816379 , 1.50401778192651
7643 , 23.390003603537 , 12.0502524007155
7644 , 23.390003603537 , 12.0502524007155
7645 , 23.4063223597403 , -29.3275480577799
7646 , 23.4115420271407 , -11.7994024188673
7647 , 23.4085522268039 , 16.8396772848796
7648 , 23.407761345059 , 9.72993238679544
7649 , 23.4148905152962 , 14.708771222572
7650 , 23.4326981414151 , -57.7305941055121
7651 , 23.4165123179805 , 14.0340252349087
7652 , 23.4373315163607 , -57.8269741236082
7653 , 23.4229403937586 , 15.3374332025441
7654 , 23.4219364237279 , 61.6704906851004
7655 , 23.4565552948383 , -67.9668008122142
7656 , 23.4184519720738 , -18.9984514557541
7657 , 23.4566020145878 , -57.7447268135431
7658 , 23.4500753359535 , -39.155336033643
7659 , 23.4414061341453 , 14.2716061380891
7660 , 23.4393224940302 , 27.0921854412506
7661 , 23.4643856713068 , -65.2110025643237
7662 , 23.4404302006968 , 42.5987852899348
7663 , 23.4539884745881 , -4.69214495857407
7664 , 23.4535283735207 , 25.1426906972627
7665 , 23.4637026688927 , -9.32532486252155
7666 , 23.4662052788239 , -4.12209796606998
7667 , 23.4159109660529 , -0.0473590281265081
7668 , 23.4544135808419 , -0.13004273615245
7669 , 23.4544135808419 , -0.13004273615245
7670 , 23.4544135808419 , -0.13004273615245
7671 , 23.4647128634189 , 12.529650979999
7672 , 23.4680752919042 , 12.4468787686151
7673 , 23.4706457033667 , 23.6515598208847
7674 , 23.4751489488742 , 8.8403556568091
7675 , 23.4776776654771 , 8.83091724925411
7676 , 23.49396483477 , -59.656046867079
7677 , 23.477565994355 , 23.5937986840189
7678 , 23.4836143531711 , 22.4834869442665
7679 , 23.4890428032 , 3.57240097900142
7680 , 23.4855052794929 , 32.4784219561517
7681 , 23.4911867189489 , 17.3716027667923
7682 , 23.4938478784499 , 3.59546872315256
7683 , 23.4937605172667 , 11.5071827250726
7684 , 23.5183837494222 , 0.142892109137505
7685 , 23.5187087241085 , 3.9633180427125
7686 , 23.5107026946482 , 49.1979608404695
7687 , 23.5245741135095 , 3.60887271578268
7688 , 23.5274266994941 , 21.4743899817215
7689 , 23.5645118442838 , -54.033524479629
7690 , 23.5606011439469 , -51.6377073546048
7691 , 23.5495049218778 , 15.9111270376443
7692 , 23.5558509338479 , -5.53473714051287
7693 , 23.5623984358994 , -1.22984689595369
7694 , 23.5639932911889 , -2.64211852747014
7695 , 23.5636601189766 , -2.65823088877852
7696 , 23.5734005549916 , 4.93319693487017
7697 , 23.5912610432698 , -65.3353265833079
7698 , 23.5763220041056 , 25.0080197664297
7699 , 23.5836892415239 , -2.83847806314539
7700 , 23.5845784913527 , -2.89181174951947
7701 , 23.5849383276457 , -2.79347428634935
7702 , 23.6012547578396 , -55.9512587676802
7703 , 23.5890169240148 , 16.1381732302216
7704 , 23.593041119306 , 4.95990343012846
7705 , 23.5934590866399 , 4.86628915951982
7706 , 23.5956800833032 , 5.02657826539518
7707 , 23.5898259817549 , 44.368499377462
7708 , 23.5905212053368 , 72.9490941639243
7709 , 23.600511650423 , -16.6444539043985
7710 , 23.6056619054684 , -2.81927201134339
7711 , 23.6036412827398 , 15.3640006010775
7712 , 23.6069110254606 , 23.6810805829028
7713 , 23.6140092880128 , -37.878172419812
7714 , 23.613400150972 , 2.21649459910509
7715 , 23.6155112946302 , 2.21816522660409
7716 , 23.6181925145146 , 0.359205981124207
7717 , 23.6383792100436 , -15.0574134960318
7718 , 23.6439624479325 , 25.7826595804347
7719 , 23.6437030790705 , -22.9137261658184
7720 , 23.6507281325221 , 27.0941298099053
7721 , 23.6563775582577 , -6.45627119160787
7722 , 23.654068658047 , 16.0171904806712
7723 , 23.6587517082322 , -12.89982075164
7724 , 23.6615243959716 , -12.1628487150526
7725 , 23.6636153939496 , -4.47729913723285
7726 , 23.6625679380572 , 27.1780495670685
7727 , 23.6744940979633 , -12.2314466877184
7728 , 23.6761308259691 , 27.196410984079
7729 , 23.6852522779469 , 29.2512604748239
7730 , 23.6890059493732 , -20.4477844077307
7731 , 23.7008692617988 , 3.80253698394528
7732 , 23.7022574159389 , 3.78698255266209
7733 , 23.7189083732213 , -65.8952668285528
7734 , 23.721708382438 , -65.8833206549266
7735 , 23.7141085858199 , 26.2953275725233
7736 , 23.7167398317094 , -19.3913407215825
7737 , 23.7221609803048 , 27.1156628119233
7738 , 23.7267527961197 , 0.562710264068339
7739 , 23.7511706528529 , 0.383009846850964
7740 , 23.7349159208502 , 27.3757013207365
7741 , 23.7410717378621 , 26.1384237552314
7742 , 23.7471376565026 , 10.8293154237143
7743 , 23.7486441491236 , 9.9962214292499
7744 , 23.7594286094897 , -42.8492380089414
7745 , 23.7553577547154 , 25.9726056936861
7746 , 23.7650415996903 , -1.62261540769872
7747 , 23.7683532824792 , 27.4238169158507
7748 , 23.7571570743817 , 69.8207857193266
7749 , 23.7728056391565 , -29.4568257322465
7750 , 23.7866569993724 , 3.86181420026079
7751 , 23.7923638054133 , 6.92418511225291
7752 , 23.7922387002736 , 29.5228601032417
7753 , 23.7939900171069 , 29.5473060427396
7754 , 23.8293346793404 , -16.539236707662
7755 , 23.8073424853111 , -30.4626646590719
7756 , 23.8174096979453 , 4.18769351794279
7757 , 23.8221311272261 , 4.23353361783308
7758 , 23.8248737113128 , -21.9630128359792
7759 , 23.8247241197727 , -16.4795137031281
7760 , 23.8293052289101 , 31.0466111151606
7761 , 23.8675406907982 , -13.3196661419584
7762 , 23.8423987031951 , 68.0956018267873
7763 , 23.847246491831 , -16.5283946689667
7764 , 23.8577809251006 , -40.6692101130319
7765 , 23.8572721336308 , 27.2292111379958
7766 , 23.8582164708588 , 27.1903224524477
7767 , 23.8584117607147 , 27.1500428139081
7768 , 23.858939866358 , 27.2111565921801
7769 , 23.8605668677408 , 20.21355057473
7770 , 23.8656803035789 , 20.159941319816
7771 , 23.8662633309128 , 20.1752219063874
7772 , 23.8719531463621 , 16.3111303532911
7773 , 23.8788112889292 , 31.340583168066
7774 , 23.8790863371113 , 11.5328310490334
7775 , 23.8828316091105 , 28.8359995649254
7776 , 23.9141143747453 , -13.524940115789
7777 , 23.8962052776056 , 28.347375629755
7778 , 23.8982423265614 , 7.93294013703117
7779 , 23.9002152657201 , 7.9384972314664
7780 , 23.9017411726968 , 8.18073197944828
7781 , 23.9055767224607 , 7.92322165787866
7782 , 23.9077989460574 , 8.03295131026811
7783 , 23.9123184242816 , 0.445363591200249
7784 , 23.9298976092541 , 21.8259275426255
7785 , 23.9314190137711 , 5.97841644284995
7786 , 23.9321488575217 , 21.6517531717603
7787 , 23.9450138203589 , 0.611772571762559
7788 , 23.9540570697995 , 61.4654382840623
7789 , 23.9658475534462 , 56.7735312763808
7790 , 23.9825107419132 , 61.2737951266026
7791 , 23.9753924267925 , 10.828685988271
7792 , 23.977158641134 , 16.5648310311967
7793 , 23.9731515448478 , -32.5307839360183
7794 , 23.9856440941222 , 10.7909099493175
7795 , 23.9858218279758 , 60.0987382009824
7796 , 23.9925614396259 , -55.3974091841963
7797 , 23.9925146824582 , 3.69637775714962
7798 , 23.9999344422426 , 20.8131385500168
7799 , 0.00154053513467611 , 31.359866589702
7800 , 0.00311531714808479 , 14.8703045104775
7801 , 0.014898238279668 , 50.8043578752179
7802 , 0.0263239315171174 , 6.30401496718533
7803 , 0.0317378349077553 , 13.1741072883104
7804 , 0.0314077123932473 , 7.8110390835711
7805 , 0.033563898932447 , 31.49739272762
7806 , 0.0345090164376466 , 31.5057299766545
7807 , 0.0168876015159305 , -18.78069663246
7808 , 0.0684198208123604 , -10.6826319557921
7809 , 0.0454653716934658 , 3.00273389234988
7810 , 0.0481596847337445 , 13.0343793844219
7811 , 0.0501882846170863 , 3.41414328838452
7812 , 0.0578098959321754 , -34.1750428286411
7813 , 0.0787206864133323 , -11.9224108274659
7814 , 0.0636355319596738 , 16.2081715736707
7815 , 0.0664389500217337 , 20.7662142196704
7816 , 0.0731382384093235 , 7.54074571324835
7817 , 0.0757766944914641 , 20.813717400727
7818 , 0.0786948280942442 , 7.44157303179573
7819 , 0.0829893570089233 , 31.5363071809025
7820 , 0.0847775130499034 , 5.26201173620257
7821 , 0.0973974413007523 , -16.4151005099777
7822 , 0.0689947810782446 , 67.227533850684
7823 , 0.0884036260210163 , -62.0005475699468
7824 , 0.0945863853543931 , 6.98293462247233
7825 , 0.0947234745122962 , 5.26534273481041
7826 , 0.0977981949258886 , -20.6299754650671
7827 , 0.100557725655763 , 5.28423106784755
7828 , 0.117014302122429 , -13.3544390648726
7829 , 0.117569722511066 , -13.359716865976
7830 , 0.110146596280949 , 8.40523075471502
7831 , 0.131580285358833 , 32.6730536206119
7832 , 0.117403634361717 , -3.65483970682283
7833 , 0.11860188071961 , 27.7049699666067
7834 , 0.120065434447031 , 8.43134038430524
7835 , 0.12251049135037 , 8.48967608306388
7836 , 0.143339211966839 , 33.1353060748622
7837 , 0.123816221859892 , 8.4143934467822
7838 , 0.124510816962793 , 8.41439322533504
7839 , 0.126412464214476 , 27.6996921466088
7840 , 0.117403634361717 , -3.65483970682283
