6000 , 15.8422566788727 , -29.4205182753202
6001 , 15.8039751154307 , 28.6023399372053
6002 , 15.8035334075528 , 28.571224261561
6003 , 15.8323787306585 , 18.9942563741998
6004 , 15.8482683144366 , 18.9014333723856
6005 , 15.945727760488 , -57.4667762853934
6006 , 15.8930896647083 , 11.9690180090579
6007 , 15.8988415531758 , 11.9229924342408
6008 , 15.8906297821516 , 21.0635364314021
6009 , 15.8990844959031 , 12.0215992962739
6010 , 15.9150475038767 , 0.507575307678908
6011 , 15.7744899895808 , 72.1280902838353
6012 , 15.9126622276214 , 14.5654705588108
6013 , 15.8880841771087 , 40.6078471779096
6014 , 15.942087588032 , 5.89608090493593
6015 , 15.860026244237 , 62.2687490941123
6016 , 15.9398863162482 , 26.9299350552621
6017 , 15.9637197523314 , 5.9636084531381
6018 , 15.9670607054988 , 15.8367038414166
6019 , 15.871341728191 , 64.8011061865991
6020 , 15.9605643170817 , 22.3683301597899
6021 , 15.96730437669 , 15.9203123931709
6022 , 15.9720579399289 , 16.2467439376204
6023 , 15.9725003063402 , 16.2745247729538
6024 , 15.8875954912964 , 64.8788389433508
6025 , 16.0712978808634 , -60.4588979785064
6026 , 16.0348730614185 , -34.573916027416
6027 , 15.9948702763828 , 20.7195035381071
6028 , 16.033266302837 , 19.3240563663025
6029 , 16.0419913940061 , 12.5400068683098
6030 , 16.0395329422663 , 17.9223121753927
6031 , 16.1414589002396 , -54.0419850942844
6032 , 16.0586968446474 , 20.9206963592542
6033 , 16.0843708758324 , -2.15305353490817
6034 , 16.0675523755977 , 17.1638929138233
6035 , 16.0650891261266 , 20.8557953447661
6036 , 16.0847574840158 , 3.83472845900132
6037 , 16.0845114274298 , 3.78222937758731
6038 , 16.0515322640527 , 37.3231487921046
6039 , 16.086260710326 , 17.6657951388338
6040 , 16.082702758284 , 17.7154610309193
6041 , 16.0852322099997 , 17.6868887752276
6042 , 16.086260710326 , 17.6657951388338
6043 , 16.0923643533871 , 17.7414345174765
6044 , 16.0918313068619 , 17.8358637216986
6045 , 16.0941719569242 , 17.7236835236488
6046 , 16.033266302837 , 19.3240563663025
6047 , 16.0944507740239 , 17.6953565152437
6048 , 15.9577528409198 , 70.6503988942793
6049 , 16.1031134583803 , 8.06323137539544
6050 , 16.0984747799048 , 17.7229136427939
6051 , 16.0905428417919 , 23.897336235149
6052 , 16.0952443686757 , 20.5073749271727
6053 , 16.1028900969433 , 18.1304478751405
6054 , 16.1025291614643 , 17.7332502821279
6055 , 16.1010022241383 , 18.1251424441483
6056 , 16.1005721659859 , 17.9284846962566
6057 , 16.1028900969433 , 18.1304478751405
6058 , 16.0806576059957 , 40.647576773189
6059 , 16.1305679831992 , -6.44473953484056
6060 , 16.1061695429933 , 21.4499650053661
6061 , 16.1130462530069 , 18.2158693261315
6062 , 16.114824295753 , 19.7427214878245
6063 , 16.1295887752264 , 7.94640998056665
6064 , 16.0952443686757 , 20.5073749271727
6065 , 16.1319080976451 , 13.8548300470162
6066 , 16.1353203388597 , 13.910709323356
6067 , 16.2347713252855 , -54.2444741321223
6068 , 15.9148686102599 , 78.9576964301634
6069 , 16.1349876924573 , 38.89624142033
6070 , 16.1760384430228 , 0.678312232751789
6071 , 16.0346270122834 , 70.379849945521
6072 , 16.2287554395069 , -36.2567316583159
6073 , 16.1783650095369 , 16.6669592670096
6074 , 16.1969781234389 , 14.2260441600944
6075 , 16.1977272366727 , 23.9317000871721
6076 , 16.1947958291873 , 26.8384007174314
6077 , 16.1950973736371 , 26.8903453178141
6078 , 16.2103402432672 , 14.1770816425019
6079 , 16.0743650494445 , 69.6293201901767
6080 , 16.2259071928318 , 2.14669829180116
6081 , 16.2249172569429 , 9.83599763461934
6082 , 16.2724012733098 , -34.2701604797703
6083 , 16.2290050564385 , 14.1540295169604
6084 , 16.2465194772879 , 17.7259505446079
6085 , 16.2174067774378 , 29.3321853958617
6086 , 16.2175364786503 , 29.4516260552272
6087 , 16.3303631469898 , -57.9238593679638
6088 , 16.1822938193728 , 57.431016012642
6089 , 16.218516041465 , 33.0017004885431
6090 , 16.1994875773971 , 52.423060464887
6091 , 16.1308575250723 , 69.8693226852459
6092 , 16.2423394476047 , 28.0931966959251
6093 , 16.2954505339429 , -23.0020322474866
6094 , 16.1072816985771 , 72.4587135430102
6095 , 16.1892525334782 , 61.2330030600119
6096 , 16.2541613432249 , 26.5268130634518
6097 , 16.2477179110848 , 35.0759086642504
6098 , 16.2678864045442 , 19.4297523579649
6099 , 16.2683039736518 , 19.4219813739998
6100 , 16.2909346674153 , 0.811132610830115
6101 , 16.4520469631341 , -72.2221589303672
6102 , 16.2679940140162 , 28.1263594987749
6103 , 16.269762970214 , 31.9311460652641
6104 , 16.2821966403418 , 35.6747314687954
6105 , 16.2929978870189 , 34.8468832351839
6106 , 16.3223474175625 , 7.38101408676667
6107 , 16.2960231934035 , 34.8697065524527
6108 , 16.2974980287551 , 35.1033254286672
6109 , 16.3016767157294 , 34.9717306869478
6110 , 16.3026113756779 , 35.0550753709387
6111 , 16.2418256378264 , 63.2271095743234
6112 , 16.307218671782 , 35.0784760226278
6113 , 16.3284307673643 , 14.1030357564159
6114 , 16.3135987606161 , 35.1421790775179
6115 , 16.4220512806208 , -51.9710117744544
6116 , 16.3222066233704 , 35.1217558346434
6117 , 16.3285863874181 , 37.0631368989566
6118 , 16.3734719654652 , -2.31204526673319
6119 , 16.3351183269284 , 37.7745909489649
6120 , 16.3368149177685 , 37.7421170811627
6121 , 16.4049211399521 , -26.550300752043
6122 , 16.3427252415111 , 37.7666513611932
6123 , 16.2913280260963 , 61.9056508017352
6124 , 16.4353205027182 , -40.6773660710992
6125 , 16.3233679470261 , 57.9517494401795
6126 , 16.3646450507976 , 36.3456720976605
6127 , 16.3233679470261 , 57.9517494401795
6128 , 16.3233679470261 , 57.9517494401795
6129 , 16.3687477421224 , 37.9648179836432
6130 , 16.3296450038926 , 57.5821340826207
6131 , 16.3711700918003 , 38.9050855543056
6132 , 16.4030559835901 , 11.7574251247979
6133 , 16.341938913734 , 56.6206709916154
6134 , 16.4771863226357 , -49.1734644003133
6135 , 16.2418306544717 , 64.9490433478086
6136 , 16.3538585266625 , 55.9378150706539
6137 , 16.3909387525012 , 37.8912736654524
6138 , 16.9528613901512 , 27.8007762949015
6139 , 16.4741513092 , -38.8716645226729
6140 , 16.3504530734376 , 65.3573589412685
6141 , 16.3914910842924 , 40.8269683521098
6142 , 16.395981062723 , 37.2272181142576
6143 , 16.365951949609 , 55.0541292550293
6144 , 16.4656072425592 , -26.0488674931212
6145 , 16.4237150408843 , 40.9155194860194
6146 , 16.4258860294715 , 40.8616653720198
6147 , 16.4246601364931 , 40.8980325525309
6148 , 16.4591341119336 , 24.063448909123
6149 , 16.4651305615441 , 19.5685907951052
6150 , 16.436957113069 , 40.458246110091
6151 , 16.6629382033288 , -73.2696981077737
6152 , 16.5599237435859 , -52.6374584332598
6153 , 16.5382726437653 , -40.2752700308624
6154 , 16.4302930245773 , 49.8091563247384
6155 , 16.4409955534752 , 48.3365947867885
6156 , 16.5980535076655 , -60.6387413252127
6157 , 16.4341725263521 , 55.3299002394342
6158 , 16.4679038105188 , 39.3532210549054
6159 , 16.4631181687542 , 42.6499396490124
6160 , 16.4677777762339 , 40.8973145002631
6161 , 16.4796243428305 , 32.7807041605547
6162 , 16.4800920391558 , 32.8201534623018
6163 , 16.4816198516914 , 32.8173974906128
6164 , 16.575552822819 , -48.1003803849428
6165 , 16.5813995966107 , -48.1719531510072
6166 , 16.4838774871522 , 39.5215181518171
6167 , 16.5907986089026 , -49.792499607154
6168 , 16.5308999698811 , 20.1570689436773
6169 , 16.5815066233855 , -44.0667566876173
6170 , 16.4631679127519 , 59.5322147487595
6171 , 16.5528823849291 , -13.0776918323038
6172 , 16.3793897951757 , -1.54258298953991
6173 , 16.5021915159729 , 40.7814661889538
6174 , 16.5061893303033 , 40.7812520057794
6175 , 16.5056558807707 , 40.6006960711425
6176 , 16.4631679127519 , 59.5322147487595
6177 , 16.5177723707851 , 35.0264486201149
6178 , 16.6102321216635 , -45.6642256244875
6179 , 16.520015957457 , 35.0737015822177
6180 , 16.5157996339672 , 40.5103041947574
6181 , 16.5474239527346 , 19.7979099684919
6182 , 16.4967550546648 , 55.4875390132083
6183 , 16.7152655396755 , -69.3896720287261
6184 , 16.5325942652547 , 40.5363976372159
6185 , 16.5618911055141 , 35.3137904370343
6186 , 16.5819177791393 , 21.5141555290674
6187 , 16.5303073338144 , 57.6774652817118
6188 , 16.689308316471 , -48.8024456651054
6189 , 16.5309493840916 , 59.5968841239343
6190 , 16.5383940722281 , 58.4095231733692
6191 , 16.5309493840916 , 59.5968841239343
6192 , 16.6867756438643 , -43.3862985444241
6193 , 16.7032262271848 , -48.7813986520056
6194 , 16.617109107817 , 36.1729470247587
6195 , 16.6155708296345 , 39.000554889247
6196 , 16.638448088715 , 36.0457924350163
6197 , 16.6401222981681 , 35.968600974707
6198 , 16.5953070207356 , 57.4584942289305
6199 , 16.664856374548 , 36.0325996836626
6200 , 16.7494525623994 , -47.4807893325545
6201 , 16.6786538966528 , 23.7394123388778
6202 , 16.7252132271036 , 61.9568931416182
6203 , 16.6822347510446 , 23.7494678584989
6204 , 16.7833389054724 , -47.0347437356259
6205 , 16.7016320260202 , 36.4345538140139
6206 , 16.6719879354219 , 58.5896948288402
6207 , 16.7244150191552 , 36.8060099276778
6208 , 16.8391177940094 , -53.7163587481478
6209 , 16.9386286337062 , -72.600154284285
6210 , 16.7494930416687 , 23.7758157401827
6211 , 16.694322482416 , 57.756735341407
6212 , 16.7294857607569 , 39.7812214973498
6213 , 16.6970064388838 , 57.7878824788952
6214 , 16.6594876722395 , 66.0119230043426
6215 , 16.8683939808276 , -59.0085400851614
6216 , 16.8369379648597 , -44.7485470391636
6217 , 16.5347212876842 , 78.1695267291966
6218 , 16.7972478328387 , -1.96907950405685
6219 , 16.7820499349128 , 9.01525735533345
6220 , 16.7967688725734 , -0.297018677398118
6221 , 16.895992287041 , -59.233368898872
6222 , 16.8369379648597 , -44.7485470391636
6223 , 16.7200687758522 , 61.5518116216117
6224 , 16.814437191988 , 6.28989759369552
6225 , 16.8153031827568 , 6.20075233911539
6226 , 16.7252132271036 , 61.9568931416182
6227 , 16.8724559347378 , -41.233579426195
6228 , 16.8085176035524 , 26.1888196785777
6229 , 16.7883137902218 , 47.5029579133111
6230 , 16.8557488797467 , 4.58293024017621
6231 , 16.9163727448108 , -41.8403304060128
6232 , 16.7203481661781 , 70.6056949023246
6233 , 16.8456254461044 , 23.5570954241573
6234 , 16.8753167449694 , 4.36298566305319
6235 , 16.9017890896693 , -22.1949207849908
6236 , 16.7408913941505 , 70.7535251767232
6237 , 16.7335251417673 , 70.6081270635061
6238 , 16.7897421852874 , 62.121823654454
6239 , 16.8407310650178 , 42.7153797453064
6240 , 16.8925686479097 , 2.38232732231418
6241 , 16.8419678192128 , 45.396680634861
6242 , 16.9390031994 , -39.4768523231497
6243 , 16.8819433366499 , 23.3102003419201
6244 , 16.803045745102 , 62.1750957247121
6245 , 16.7542192365836 , 70.7781858791636
6246 , 16.8351429072133 , 55.5179363653122
6247 , 16.807083897729 , 62.9518155563025
6248 , 16.7711269048751 , 70.3301223033117
6249 , 16.9752801050371 , -44.8269066971808
6250 , 16.9794980456478 , -45.9514615605501
6251 , 16.5214388285186 , 82.5086608272613
6252 , 16.5236305822901 , 82.5475818291885
6253 , 16.9998006302459 , -52.7227891605232
6254 , 16.9625011370026 , -4.11790017348951
6255 , 16.9198504637113 , 36.4789064159689
6256 , 17.0052137661875 , -37.1360117493435
6257 , 16.9405863840554 , 39.6235319431786
6258 , 16.8773498989875 , 60.4902090248473
6259 , 17.0263507138226 , -44.6691638578326
6260 , 16.8653506539874 , 63.6902624111617
6261 , 16.9493198883543 , 27.9562628884218
6262 , 16.9818736952252 , 57.0766964295415
6263 , 16.9528613901512 , 27.8007762949015
6264 , 16.9620234970496 , 27.8278673681407
6265 , 16.9656056533313 , 27.8232047370531
6266 , 17.0322736439638 , -30.1270735460675
6267 , 16.9770634680746 , 22.9642678656406
6268 , 17.0475749679853 , -39.7350971310973
6269 , 16.9736585666196 , 27.8336132521375
6270 , 16.9864591938476 , 27.8377101995837
6271 , 16.988283008522 , 27.943567125425
6272 , 16.9903692837872 , 27.9097136749491
6273 , 17.0555613893652 , -26.2828998741423
6274 , 16.9963435400905 , 29.925241898638
6275 , 16.927497200131 , 63.219337614697
6276 , 17.0204650231104 , 23.0241407856805
6277 , 17.0215197529254 , 23.0197136009105
6278 , 17.0219119222259 , 22.9908320139146
6279 , 16.9889291782164 , 47.215682264372
6280 , 17.0418823471557 , 6.64770347707948
6281 , 17.092920823773 , -37.8970408169669
6282 , 17.0204042277049 , 29.7995345426259
6283 , 16.9954767475476 , 49.8998720375993
6284 , 17.0862900338632 , -24.7792164663029
6285 , 16.9761157078528 , 58.9332423412452
6286 , 16.978257616186 , 58.9149388573535
6287 , 17.0973924201377 , -22.7225673716634
6288 , 16.9559196015711 , 68.4345166795396
6289 , 16.9616057365097 , 68.4912807370901
6290 , 17.0184433802514 , 58.9489402070161
6291 , 17.018341475912 , 58.9158808794592
6292 , 17.053114468975 , 61.0225403930154
6293 , 17.1813412522522 , -26.594452349935
6294 , 17.1829252139519 , -26.5869278986198
6295 , 17.0566079010713 , 60.3164943985596
6296 , 17.1551545936239 , 3.87784624738871
6297 , 17.0619289575925 , 62.0048996758463
6298 , 17.0743561091285 , 62.0281648098184
6299 , 17.0861801508771 , 62.4375207894813
6300 , 17.3009764490575 , -62.8286069513166
6301 , 17.1483028640364 , 42.3198975438235
6302 , 17.2417596965273 , -37.1147169582883
6303 , 17.0829512082421 , 68.8069026141049
6304 , 17.2544150675304 , -29.4735530534025
6305 , 17.3168685956459 , -59.1794459741619
6306 , 17.1291066947485 , 60.7090877035711
6307 , 17.1300720515988 , 60.7304957526963
6308 , 17.2078134102377 , 23.3622025421775
6309 , 17.245191272881 , -12.9238784533474
6310 , 17.1346895375986 , 60.9702895545868
6311 , 17.1847173887234 , 41.6324767039839
6312 , 17.185908390612 , 42.2694123927027
6313 , 17.1773902684488 , 48.3126598770416
6314 , 17.2186543746063 , 23.2535010579547
6315 , 17.2206852753877 , 23.2065940164262
6316 , 17.2889870219915 , -28.1508941043088
6317 , 17.1512583479233 , 62.8783318128613
6318 , 17.2829772617189 , -39.4355080393721
6319 , 17.1636666226377 , 62.9535346176433
6320 , 17.2215791003026 , 40.2492633433801
6321 , 17.2481787522507 , 20.2972502065932
6322 , 17.3207013312201 , -42.943477947194
6323 , 17.227297938202 , 43.7642129084884
6324 , 17.0838553361925 , 75.3869993727502
6325 , 17.3113174369055 , -23.7767766410719
6326 , 17.3611783647015 , -51.7620837340526
6327 , 17.2396180065279 , 43.6310888349482
6328 , 17.4132526166176 , -65.0161009257275
6329 , 17.2431943254511 , 43.6672585543704
6330 , 17.2696614631297 , 29.3875723352251
6331 , 17.0482831286469 , 78.6084415821958
6332 , 17.2564166627415 , 43.6427592758753
6333 , 17.331045454922 , -18.5275050176813
6334 , 17.3527076059255 , -35.8597027262776
6335 , 17.3376226204354 , -30.1740824232143
6336 , 17.2768866326345 , 43.8036538396241
6337 , 17.3840349365202 , -38.492012026003
6338 , 17.2593324173033 , 57.3935388382797
6339 , 17.2912059157662 , 40.8281803541955
6340 , 17.1697052205664 , 72.2853341195998
6341 , 17.2910910655999 , 43.1200292735229
6342 , 17.364020390236 , -19.5976989733428
6343 , 17.2938444583576 , 41.035993554482
6344 , 17.2941872900722 , 42.4176107140334
6345 , 17.2597085281222 , 57.3327164889095
6346 , 17.2598266400966 , 57.3052137517227
6347 , 17.3402688999407 , 16.6459894663598
6348 , 17.3117882580649 , 41.6315483720098
6349 , 17.3250561523751 , 36.0453583746396
6350 , 17.3176415055562 , 41.6780355356728
6351 , 17.326307282138 , 36.0439929228498
6352 , 17.4391587607078 , -48.4294291020153
6353 , 17.3619562589513 , 15.6741998953233
6354 , 17.4224595746698 , -38.5499965253042
6355 , 17.4113788560433 , -26.3626800703745
6356 , 17.4040968284821 , -17.8230415747728
6357 , 17.4246145609088 , -34.2100750146723
6358 , 17.3187909950743 , 52.5990835308466
6359 , 17.2998022882591 , 61.7636120740648
6360 , 17.4194560731363 , -29.8719459579763
6361 , 17.3134796369972 , 60.5910764636255
6362 , 17.5513499828347 , -67.0515275912413
6363 , 17.383728292846 , 41.0869487026677
6364 , 17.4148819251922 , 29.3769505768781
6365 , 17.380318195788 , 62.157478141498
6366 , 17.4723687927365 , -5.08669455057141
6367 , 17.4255273392376 , 37.7458590932509
6368 , 17.461989256257 , 11.5309061932964
6369 , 17.5005351691728 , -23.7675736037395
6370 , 17.3934090858068 , 56.9594267814516
6371 , 17.4632868998398 , 26.491827493934
6372 , 17.4664292369736 , 26.4616040350001
6373 , 17.4047760863718 , 58.9798722021049
6374 , 17.5908064357497 , -32.587509726885
6375 , 17.4978400067841 , 16.1953229220329
6376 , 17.4245958817101 , 58.8021555681015
6377 , 17.4256484200317 , 58.807726364541
6378 , 17.5208275554103 , 6.27064036277201
6379 , 17.5181628156595 , 16.2770465202495
6380 , 17.5875245001952 , -39.0742069608942
6381 , 17.4569248763628 , 59.9993555701531
6382 , 17.4684309200461 , 56.8545952588378
6383 , 17.5908064357497 , -32.587509726885
6384 , 17.5492105122786 , 7.05049544572274
6385 , 17.4700119664324 , 57.507670502765
6386 , 17.4850675432345 , 52.7099600266965
6387 , 17.4762249847101 , 57.5316613569394
6388 , 17.6185430357047 , -44.7390479477999
6389 , 17.5527881599448 , 16.390953253283
6390 , 17.4766698621324 , 60.0802471120205
6391 , 17.4828378617415 , 58.8367598560449
6392 , 17.7460899699419 , -69.7851697342603
6393 , 17.5047156767855 , 59.5182322963364
6394 , 17.5082374840445 , 59.6263517797534
6395 , 17.4390236118951 , 71.0823832296472
6396 , 17.6393400636013 , -35.0309434914578
6397 , 17.6934866180431 , -53.6757210754333
6398 , 17.7295875533669 , -61.6953885643744
6399 , 17.5329834206984 , 59.6023304248935
6400 , 17.6822764610825 , -36.9709027974954
6401 , 17.6551249081822 , -23.9141874827376
6402 , 17.6366093049428 , -3.25329470829504
6403 , 17.7406119113903 , -61.6832651773658
6404 , 17.6727893217917 , -33.251386515314
6405 , 17.68371655742 , -32.2712963214119
6406 , 17.6468814530116 , 18.8232013683763
6407 , 17.7664849511762 , -60.7406938214644
6408 , 17.6546830988058 , 18.8688856606153
6409 , 17.6141927365112 , 50.7547131320345
6410 , 17.590959309614 , 60.779977782137
6411 , 17.5943117540261 , 60.8008672910214
6412 , 17.4862449936209 , 75.6907722570391
6413 , 17.6866851080183 , 12.6154267250528
6414 , 17.5043634043326 , 74.3629996472334
6415 , 17.7467856007633 , -35.0700138926293
6416 , 17.7511944266259 , -32.3646270239089
6417 , 17.7043982796752 , 23.6627462334903
6418 , 17.638482927234 , 58.7038714748691
6419 , 17.6003911126957 , 68.1437416092013
6420 , 17.6033897409678 , 68.0404587697753
6421 , 17.7747189135724 , -33.6902362104637
6422 , 17.6071639368855 , 68.046356803331
6423 , 17.6135971417802 , 68.1592483608391
6424 , 17.601066477949 , 69.9773789360949
6425 , 17.7936441652882 , -31.6195510912819
6426 , 17.7579544039577 , 3.16430563397701
6427 , 17.7349783454963 , 25.4853765794498
6428 , 17.7388335004859 , 25.5465498512871
6429 , 17.7424346063458 , 25.3424553052626
6430 , 17.7622028177588 , 18.1313096473183
6431 , 17.7349783454963 , 25.4853765794498
6432 , 17.8011761731828 , -24.8911408871192
6433 , 17.7387175880982 , 36.791510655439
6434 , 17.609755893883 , 72.0764362754443
6435 , 17.6710193738249 , 62.6310685511823
6436 , 17.6890043824761 , 60.4391688636602
6437 , 17.8137559104105 , -35.3522266542584
6438 , 18.4309710656419 , -85.3909279127271
6439 , 17.8165495724565 , -16.4627530322308
6440 , 17.8258396110991 , -20.3622499010508
6441 , 17.8497500198255 , -37.0520469246863
6442 , 17.7889503738634 , 20.7543659308085
6443 , 17.7475291767829 , 48.105130310658
6444 , 17.8390029996619 , -34.8215843725655
6445 , 17.8320610009241 , -20.0121790400549
6446 , 17.7753268536259 , 35.5610793259401
6447 , 17.7779926328179 , 35.5639047020846
6448 , 17.742818762815 , 53.5307519757559
6449 , 17.7326364793462 , 56.7944081671531
6450 , 17.8005240720456 , 18.5683186692264
6451 , 17.8566956216626 , -30.213640433414
6452 , 17.8076090705387 , 20.830511600287
6453 , 17.8602824045019 , -34.5995884168403
6454 , 17.7523204514378 , 55.6950428104113
6455 , 17.8648627886579 , -35.3386156433374
6456 , 17.7078941802912 , 67.5819808958171
6457 , 17.7142872207292 , 66.4659797132971
6458 , 17.8277195625944 , 20.7980771196217
6459 , 17.7663548981491 , 55.7677829753454
6460 , 17.8331119482737 , 20.7576153624406
6461 , 17.6601253253654 , 74.0228973488105
6462 , 17.7483617634398 , 61.9010178836484
6463 , 17.7252399810871 , 67.5942270992591
6464 , 17.7650579701644 , 60.8882595093428
6465 , 17.8937160271306 , -25.399015055851
6466 , 17.8064396268134 , 51.3910611184795
6467 , 17.8527712340769 , 17.5323286430174
6468 , 17.8527712340769 , 17.5323286430174
6469 , 17.8930564134562 , -22.3187439680036
6470 , 17.7364779824915 , 67.6094208281269
6471 , 17.7359093651619 , 67.5830189987551
6472 , 17.7332240966887 , 67.6204772607466
6473 , 17.7878787911631 , 57.3006356499226
6474 , 17.7877425231552 , 57.2925737778694
6475 , 17.9086892343577 , -34.7840556781945
6476 , 17.9125320760345 , -29.1453206933744
6477 , 17.7406479957148 , 67.6011601685926
6478 , 17.8149020731927 , 51.1484336883956
6479 , 17.8096682358739 , 54.1413382895412
6480 , 17.9193255334688 , -30.4445385093328
6481 , 17.8896198635986 , 4.16282508396082
6482 , 17.8713490003437 , 23.0667326671009
6483 , 18.0098445088855 , -63.6654552381558
6484 , 17.870693409431 , 24.4769129631784
6485 , 17.8716793568093 , 31.4554310964022
6486 , 17.8836255792672 , 29.812387931058
6487 , 17.8854283404596 , 29.8324164844478
6488 , 17.8238129689324 , 62.2150976801131
6489 , 17.8357665643823 , 60.0844908027892
6490 , 17.9166675128613 , 18.3714124673177
6491 , 17.8351054038978 , 61.5239111405962
6492 , 18.0658907234802 , -66.4263239301551
6493 , 17.8411778614276 , 61.5515146219853
6494 , 17.9611070943446 , -19.0179123747023
6495 , 17.9223100707771 , 18.3226227228269
6496 , 17.997620554753 , -44.2629184270673
6497 , 17.8572002814459 , 59.4634776225917
6498 , 17.8572002814459 , 59.4634776225917
6499 , 17.9304445628026 , 18.354703547064
6500 , 17.9414737249371 , 18.3343367613246
6501 , 17.9425817557357 , 18.3690762708334
6502 , 18.0892520423212 , -65.4051773675725
6503 , 17.8218283474556 , 70.1353657676148
6504 , 17.9417083065511 , 33.2032110472646
6505 , 17.8520669211434 , 65.5236415974401
6506 , 18.009752564194 , -24.6852223317556
6507 , 18.0083923702618 , -17.4383794570075
6508 , 17.8256657222239 , 72.0135124084399
6509 , 17.999533307926 , 6.28451055305481
6510 , 17.9127122500953 , 60.8105376544494
6511 , 17.9127122500953 , 60.8105376544494
6512 , 17.9151380902006 , 62.6389031341023
6513 , 18.0005041989698 , 24.8835475773023
6514 , 18.0497712899666 , -23.0327627948884
6515 , 17.9613494116437 , 50.7218108824288
6516 , 17.9224605360204 , 62.6629223295965
6517 , 18.0410322085669 , -8.95912046406495
6518 , 18.0027082906886 , 28.8630849849003
6519 , 18.0676378012405 , -29.8024386397732
6520 , 18.0688164193582 , -27.8898070573696
6521 , 17.9312842329397 , 62.6052993397268
6522 , 18.0715483090853 , -30.0317978880935
6523 , 18.0748870962281 , -24.3822325082148
6524 , 17.9926056928275 , 45.8830338031681
6525 , 18.0438043304037 , 11.0229630260441
6526 , 18.0798907187352 , -24.4321462312724
6527 , 18.037596857898 , 19.7261592983334
6528 , 18.0925214781852 , -30.0533976278308
6529 , 18.1041137769106 , -36.2940664465251
6530 , 18.0868001634849 , -24.3470398919547
6531 , 18.0817505146678 , -22.4889499668597
6532 , 17.9902797624585 , 56.2266546608242
6533 , 18.0793320411918 , -24.3957690367662
6534 , 17.9557911988424 , 64.2973898332138
6535 , 18.0737432013828 , -0.297340786316602
6536 , 17.9548011939671 , 64.9318154962553
6537 , 18.0981075930988 , -19.8411315756211
6538 , 17.8996263394068 , 73.4173204363682
6539 , 18.0907026493809 , -7.58535217067167
6540 , 18.1142452903722 , -27.7626830545017
6541 , 18.1475805504113 , -43.7071923832482
6542 , 17.9957939155948 , 61.3536469707829
6543 , 17.975433113327 , 66.6280128053344
6544 , 18.1339920251809 , -24.9948179486333
6545 , 18.2221655397946 , -63.7692538568292
6546 , 18.1314536395286 , -23.2980621882522
6547 , 18.0937155877436 , 25.2303976039758
6548 , 18.1079661155551 , 18.5854840663792
6549 , 18.1052493302936 , 18.5359955750625
6550 , 18.1079661155551 , 18.5854840663792
6551 , 18.1625783889038 , -29.5786783423247
6552 , 18.0014366330964 , 66.6101336543489
6553 , 18.166013526931 , -25.9044919944862
6554 , 18.1604866845222 , -18.4332785682174
6555 , 18.1385468964168 , 17.6035660124821
6556 , 18.1773815627887 , -27.5211122679713
6557 , 18.383582666321 , -76.5729377891277
6558 , 18.1840129958327 , -31.7595343429797
6559 , 18.1775184379948 , -24.1069575098795
6560 , 18.092155180709 , 46.8783387621042
6561 , 18.185901806671 , -16.7221698545722
6562 , 18.086648379198 , 56.2599968860362
6563 , 18.2131690759613 , -33.8636008274401
6564 , 18.1588403751497 , 17.3936465899901
6565 , 18.2098010090398 , -28.17441368186
6566 , 18.1208592803852 , 52.2576011070668
6567 , 18.2402801753399 , -19.0721853837493
6568 , 18.2238250184942 , -21.5800215475777
6569 , 18.2397063983597 , -31.8213958328928
6570 , 18.1939115420471 , 14.0927912530128
6571 , 18.1883170158346 , 21.238631751457
6572 , 18.2108910177762 , 6.85497290406219
6573 , 18.239534442839 , -22.1152746818433
6574 , 18.2060352757327 , 14.981826166396
6575 , 18.1896598112118 , 31.1150656838749
6576 , 18.2045771345568 , 21.4286195485561
6577 , 18.2082402933442 , 21.4636794593183
6578 , 18.2824448568303 , -20.4458197549182
6579 , 18.2167712722763 , 21.4204948852913
6580 , 18.2172989803694 , 21.4257815884529
6581 , 18.2126401915771 , 25.6624051828047
6582 , 18.1882860152335 , 49.9096510707794
6583 , 18.274894178243 , -22.1333026598657
6584 , 18.3254474099073 , -52.2069991189291
6585 , 18.212119501348 , 39.6323117082116
6586 , 18.235300503664 , 21.0911076449124
6587 , 18.2389383540929 , 18.8263064657
6588 , 18.3604914211014 , -63.7989835917142
6589 , 18.2921670752282 , -19.7737724478938
6590 , 18.2958112420682 , -19.8617599395417
6591 , 18.2423293564902 , 21.064007186907
6592 , 18.165639797054 , 61.4202146492778
6593 , 18.2421950172752 , 22.2850431313713
6594 , 18.1699036816682 , 61.131400487284
6595 , 18.2958112420682 , -19.8617599395417
6596 , 18.3025521848405 , -16.6624726124976
6597 , 18.188719568203 , 61.1792322252591
6598 , 18.1469306644347 , 69.0660193722308
6599 , 18.2695392948164 , 24.9136951213281
6600 , 18.2695392948164 , 24.9136951213281
6601 , 18.1971825766054 , 61.4513226760494
6602 , 18.2837770395814 , 25.0444866461717
6603 , 18.3184946499557 , -18.4015096264848
6604 , 18.3113700485317 , -12.2390800282535
6605 , 18.2792259034163 , -14.979663163079
6606 , 18.2503414297196 , 43.2681239594943
6607 , 18.2057502201695 , 61.3317529310388
6608 , 18.2097341007849 , 61.2970978339929
6609 , 18.2109448761351 , 61.3307301751032
6610 , 18.2060352757327 , 14.981826166396
6611 , 18.3239892266279 , -13.7929108133877
6612 , 18.2761633545732 , 36.0793850966978
6613 , 18.3436929629519 , -17.0967582070344
6614 , 18.4364559065619 , -63.2383610047149
6615 , 18.3178874710263 , 13.2674434709422
6616 , 18.3025839400443 , 22.2391304779677
6617 , 18.2357533535846 , 61.3183834429811
6618 , 18.3575062950249 , -16.1782739198378
6619 , 18.3231509897171 , 23.6569009227747
6620 , 18.3934565638283 , -26.8145824677398
6621 , 18.2139794680175 , 68.3616327081089
6622 , 18.2151792937205 , 68.3527675205001
6623 , 18.3363123095354 , 23.7112889912744
6624 , 18.406647700507 , -30.3535212429789
6625 , 18.3944017838152 , -12.018003658955
6626 , 18.42069534541 , -24.8626323648536
6627 , 18.3858831958997 , 15.701491604484
6628 , 18.3804435630708 , 23.4801085797968
6629 , 18.4398525684978 , -23.1952348589361
6630 , 18.5606375775321 , -63.2799997847275
6631 , 18.4638392719317 , -12.026858115138
6632 , 18.4248979739282 , 27.5389870273255
6633 , 18.4633168769966 , 6.51340450286961
6634 , 18.5353497941448 , -32.3382185456455
6635 , 18.4687559576329 , 14.823224878497
6636 , 18.3668497503042 , 66.618732618437
6637 , 18.5353497941448 , -32.3382185456455
6638 , 18.5272077241938 , -25.4872356688465
6639 , 18.5269747742103 , -13.1468416764495
6640 , 18.4755856110752 , 34.306216092135
6641 , 18.4903794084422 , 22.9078423272352
6642 , 18.5431666628137 , -23.4671400872788
6643 , 18.3229599267614 , 74.5689102529868
6644 , 18.5545318865349 , -25.1193218187465
6645 , 18.5547054095187 , -16.8755370473253
6646 , 18.5000839026595 , 39.8689299440726
6647 , 18.5578451218783 , -17.2199013560862
6648 , 18.4272786617468 , 64.9781152933489
6649 , 18.5678712460857 , -10.3952749627469
6650 , 18.4231562833677 , 68.0086180411735
6651 , 18.4018495135563 , 71.6041266237567
6652 , 18.6083179375381 , -32.9792143785523
6653 , 18.7669656316627 , -73.2473309986594
6654 , 18.3971419124235 , 73.1846265080863
6655 , 18.5814582482246 , -5.99316567298662
6656 , 18.6181655256594 , -23.8928341073429
6657 , 18.5571129303704 , 34.0659517495753
6658 , 18.5732687577132 , 22.8939709599405
6659 , 18.5727342369411 , 23.5980919101262
6660 , 18.5846558864092 , 22.9152730332262
6661 , 18.5846558864092 , 22.9152730332262
6662 , 18.5766903214793 , 32.0702589424822
6663 , 18.5653403721467 , 40.0542105415811
6664 , 18.6185326360971 , -8.17461280156532
6665 , 18.5820520650116 , 30.72651714564
6666 , 18.5856373803866 , 33.5939591426637
6667 , 18.5097887658379 , 67.9904035289401
6668 , 18.5097887658379 , 67.9904035289401
6669 , 18.628690232183 , 22.2032770722819
6670 , 18.5613668849319 , 59.8923877903307
6671 , 18.6314186545808 , 26.4242220595486
6672 , 18.6096139185171 , 42.9526632436195
6673 , 18.7690299357987 , -62.2817921435971
6674 , 18.6503216356806 , 25.3815375472797
6675 , 18.629924985391 , 40.0639305831142
6676 , 18.5519766800665 , 66.9644632026486
6677 , 18.5591526756833 , 67.1145939947938
6678 , 18.5097887658379 , 67.9904035289401
6679 , 18.5579385498362 , 67.1517908701262
6680 , 18.67006875908 , 22.3239688174603
6681 , 18.7323893672449 , -32.2789487897328
6682 , 18.6702218064221 , -4.795682408693
6683 , 18.7136557828016 , -6.20153297406897
6684 , 18.8341999696181 , -65.1564379793209
6685 , 18.6722718398999 , 39.9891023227366
6686 , 18.6745558182982 , 40.1449673502539
6687 , 18.624951300324 , 59.6487727623639
6688 , 18.6841972626223 , 36.2966495955095
6689 , 18.5777303415587 , 70.5291228180365
6690 , 18.5777303415587 , 70.5291228180365
6691 , 18.6565901982951 , 55.6479583030807
6692 , 18.7014755346603 , 34.8517182524492
6693 , 18.698597236916 , 36.9224297468042
6694 , 18.7652735620247 , -9.36934446692666
6695 , 18.7178362102734 , 40.374866812502
6696 , 18.6703293981584 , 59.3398380123024
6697 , 18.761699350375 , 25.5217454317917
6698 , 18.8126905822207 , -25.8645502130895
6699 , 18.8830418094438 , -57.3039364884891
6700 , 18.7747577239521 , 32.2883383256912
6701 , 18.7220437252936 , 60.6604517140413
6702 , 18.7878594214916 , 45.7148140835138
6703 , 18.793800190034 , 45.5596415692301
6704 , 18.855788758328 , -5.17928510602874
6705 , 18.8617005635557 , -6.25411289189168
6706 , 18.9649409433627 , -63.1481475965448
6707 , 18.9378143715925 , -53.8019293179014
6708 , 18.9416003766698 , -53.7060460999356
6709 , 18.8671462341222 , 10.3615455226403
6710 , 18.8502188558144 , 26.8490078346671
6711 , 18.8217982812494 , 47.6667463075089
6712 , 18.8947373646626 , -8.69229275164956
6713 , 18.8523322292325 , 33.97042201736
6714 , 18.7630935528448 , 66.7331275236506
6715 , 18.9295579793277 , -30.4623458054472
6716 , 18.9205886089399 , -19.8866129439056
6717 , 18.929676420641 , -22.6854244093231
6718 , 19.0431690847875 , -66.0906692487332
6719 , 19.0716086134252 , -68.5676040128342
6720 , 18.8999091425496 , 33.0407035644987
6721 , 19.0300102561538 , -57.7405364516593
6722 , 19.0791056553046 , -64.8749151480534
6723 , 19.0051290226412 , -36.6140359137541
6724 , 18.9549163842046 , 10.4413211603192
6725 , 19.0473519348601 , -53.8452390708749
6726 , 19.0401462815362 , -36.8737494941307
6727 , 19.0409786010525 , -36.8587385374164
6728 , 18.989385162626 , -8.95130410459117
6729 , 19.044623587919 , -36.9400645066492
6730 , 19.1456730079042 , -68.8909143413556
6731 , 18.9593573035502 , 43.0889041659618
6732 , 18.944062760442 , 52.3887618617792
6733 , 19.1199887698909 , -62.1761150011677
6734 , 19.1388000090608 , -65.4398125351476
6735 , 19.0198797750949 , -0.459720962938878
6736 , 19.1429221122147 , -65.4075272349452
6737 , 19.0442629603038 , -18.4997481400122
6738 , 19.0320497713135 , 11.6141855193851
6739 , 19.1469418417051 , -61.3465910887297
6740 , 19.0212963439233 , 28.7842880624049
6741 , 19.0532088140298 , -0.433628480498933
6742 , 18.9936101515548 , 48.4785481222975
6743 , 19.029442410022 , 29.2905175724146
6744 , 19.1803174450188 , -63.8351106572375
6745 , 19.0341586013458 , 40.7588378383797
6746 , 19.1897562175514 , -61.9467411870123
6747 , 18.918231634263 , 72.7831211083475
6748 , 19.0718065891772 , 21.6226577581843
6749 , 19.0970093990806 , 1.9172068940331
6750 , 19.012413225374 , 59.1796098717864
6751 , 19.1087400809546 , -5.97515055112294
6752 , 19.1973799509402 , -59.9598002460887
6753 , 19.2055146225172 , -57.0273545801146
6754 , 19.2046320181359 , -50.6208319823244
6755 , 19.1395324537071 , 4.28274790046496
6756 , 19.1543608914717 , 4.72240517309339
6757 , 19.088370995246 , 55.7311885778653
6758 , 19.2466570031279 , -56.2873380296877
6759 , 19.1203073699875 , 50.3626074277669
6760 , 19.196178479878 , 1.04857526257705
6761 , 19.2656296798428 , -50.6349093222278
6762 , 19.0944585089788 , 63.9479607443655
6763 , 19.0944585089788 , 63.9479607443655
6764 , 19.1423164838952 , 50.9476938628515
6765 , 19.1922509579523 , 30.5623370789811
6766 , 19.1718393010272 , 46.3318654030082
6767 , 19.1991170409086 , 37.7419528636362
6768 , 19.2886250488072 , -40.186922381485
6769 , 19.3227024850212 , -60.4773379773434
6770 , 19.32664321485 , -60.4725600744938
6771 , 19.3273229927303 , -60.5228240896999
6772 , 19.2531879500558 , -2.68750923154876
6773 , 19.2614296555061 , 4.86883633221318
6774 , 19.2873824971732 , -16.2466441394844
6775 , 19.2879491182715 , -0.91373452251743
6776 , 19.4392531406355 , -63.8346002095418
6777 , 19.4629769100829 , -71.4383129942607
6778 , 19.3165766891076 , -1.57629778057861
6779 , 19.2836884984233 , 30.2027413447374
6780 , 19.3959727814376 , -55.7515343775123
6781 , 19.3169469674572 , 6.55934881691436
6782 , 19.4155581263681 , -59.8973867943342
6783 , 19.2851101660678 , 46.0351479215306
6784 , 19.4598899246585 , -65.6008667408412
6785 , 19.3165766891076 , -1.57629778057861
6786 , 19.1768271196962 , 73.4261704489158
6787 , 19.2717374574707 , 60.434274720592
6788 , 19.4621204726548 , -54.9253324135926
6789 , 19.2791844172909 , 63.9888639657652
6790 , 19.3919383603736 , 1.53415022884788
6791 , 19.3544217982643 , 37.7900698584361
6792 , 19.3549382035099 , 43.1505187852382
6793 , 19.3951195714716 , 22.1612407277735
6794 , 19.4803754935301 , -38.8941355824524
6795 , 19.4479642208112 , 3.53408418139742
6796 , 19.3605860872212 , 61.1632687377954
6797 , 19.4949068167379 , -25.6425680945933
6798 , 19.4047958476068 , 53.64316874878
6799 , 19.5530818076925 , -55.8811734007644
6800 , 19.4597605031647 , 25.156887146386
6801 , 19.4637751980429 , 54.3924723770624
6802 , 19.5180625774185 , 20.2882813334028
6803 , 19.5300280163576 , 10.0794763250094
6804 , 19.5353932776433 , 9.24821210510789
6805 , 19.6251708499369 , -37.527369294022
6806 , 19.6309687289029 , -42.2689300207481
6807 , 19.5851149003049 , 5.70777247504037
6808 , 19.7516027394884 , -70.6020137528487
6809 , 19.6783012389475 , -30.9347885172459
6810 , 19.74174593181 , -58.6266566381492
6811 , 19.6269797855163 , 46.404631349616
6812 , 19.7714664289469 , -55.3172549588117
6813 , 19.6808260227178 , 27.3333835013104
6814 , 19.7214725483411 , -10.298179132187
6815 , 19.6864325603847 , 26.782932379565
6816 , 19.745557885959 , -28.3731343504058
6817 , 19.6249394511376 , 62.4065266297746
6818 , 19.7432059408508 , -14.1256917190952
6819 , 19.6945071535391 , 40.2071888538533
6820 , 19.7156369706338 , 23.1121181172277
6821 , 19.7500374775147 , -6.80794769383584
6822 , 19.7595810983316 , -14.7793001652611
6823 , 19.7272307980641 , 23.3247924658931
6824 , 19.7314805184051 , 56.1332165252448
6825 , 19.6996752699596 , 64.0972059727826
6826 , 19.7514177366348 , 50.5502102055209
6827 , 19.8230238957641 , 21.2430083383607
6828 , 19.8470460084626 , 7.93110973945546
6829 , 19.7880528099378 , 59.932474671745
6830 , 19.857740924265 , 23.1268144830002
6831 , 19.8018735002834 , 59.9185297692173
6832 , 19.8069516920621 , 59.4477752459536
6833 , 19.8346144275654 , 48.9876502128032
6834 , 19.8774860413713 , 29.434998276044
6835 , 19.9194548747588 , -12.5382029501833
6836 , 19.921546333978 , -12.6589990870093
6837 , 19.8942867192428 , 11.7261054766576
6838 , 19.9043611505903 , 18.8065533941445
6839 , 19.9174538212989 , 17.9667792880433
6840 , 19.9356400646633 , 12.2789258129416
6841 , 19.9754037853232 , -31.7796594861102
6842 , 19.924674668574 , 29.3173923339659
6843 , 19.9437025766502 , 12.192938761027
6844 , 20.06424246329 , -65.1946727046244
6845 , 20.0294396225092 , -47.0372100159051
6846 , 19.9482313570155 , 32.3774084956677
6847 , 19.9598723606349 , 29.3815376559168
6848 , 20.0610795024084 , -56.0565707996481
6849 , 20.1168163465024 , -40.1647445609558
6850 , 20.0727557923381 , -54.8114804867019
6851 , 20.0729867762445 , -48.2509989096647
6852 , 20.0202894527217 , 1.75866535312917
6853 , 20.0013521534577 , 22.750669537777
6854 , 20.1084183857224 , -54.3407506866007
6855 , 20.1285169697693 , -56.3550998103658
6856 , 19.9918223866139 , 56.1598385822014
6857 , 20.0370069839242 , 33.5542919020838
6858 , 20.0571061486846 , 11.2890945147302
6859 , 20.0731193510013 , 0.474764013220286
6860 , 20.1621204382693 , -61.0644207241865
6861 , 20.1354813038133 , -48.3351557726412
6862 , 20.1631501680449 , -56.3565897090515
6863 , 20.0950947123176 , -3.52307542836891
6864 , 20.1122814744244 , -21.888306067436
6865 , 20.1090819857969 , -9.00872965933604
6866 , 20.0711315974922 , 44.1888489136684
6867 , 20.1893603602499 , -54.7488268919417
6868 , 20.1783957821372 , -48.3451421822934
6869 , 20.012402112846 , 66.2569360915519
6870 , 20.1829353240067 , -48.2517561154637
6871 , 20.1065300219799 , 35.807525684629
6872 , 20.3014402875469 , -70.7302282296644
6873 , 20.1283607346764 , 21.1331593141138
6874 , 20.1323924724508 , 38.2778838841267
6875 , 20.2331569505614 , -46.1259305246279
6876 , 20.32424856068 , -70.8204978068217
6877 , 20.3289029688447 , -70.8148796633087
6878 , 20.2443185132543 , -44.4911471063402
6879 , 20.1824493564948 , 16.9554556353943
6880 , 20.343794383921 , -70.8213585210829
6881 , 20.1879197294768 , 37.4437226060331
6882 , 20.207124638497 , 26.5152948376575
6883 , 20.1951662499235 , 35.8816275998465
6884 , 20.1788194504696 , 46.4929674493992
6885 , 20.207124638497 , 26.5152948376575
6886 , 20.2200695775716 , 20.0223043094241
6887 , 20.3019846783606 , -52.7605257596586
6888 , 20.2083843777438 , 38.3867946118042
6889 , 20.3288956971428 , -53.919568011702
6890 , 20.3178555883001 , -44.769899743403
6891 , 20.2611648595433 , 12.7378261662955
6892 , 20.2908611287625 , 18.0533727681262
6893 , 20.3603502518672 , -48.202233032543
6894 , 20.2806907113116 , 30.598793973526
6895 , 20.2797873504071 , 50.2628128500557
6896 , 20.3083600336454 , 30.6739164970536
6897 , 20.360607891753 , -12.2195617903523
6898 , 20.362475500394 , -12.3234209994902
6899 , 20.4196742678379 , -50.3955398593219
6900 , 20.3694028248493 , -2.53457034939196
6901 , 20.3817700892486 , 6.46471781375774
6902 , 20.420407733775 , -43.6153157766479
6903 , 20.4064945384935 , -19.2894649191981
6904 , 20.3711148496151 , 25.7765648240194
6905 , 20.3812585166512 , 20.1396033283853
6906 , 20.4018797917368 , 6.47971609875952
6907 , 20.4295529098976 , -24.7722383963157
6908 , 20.4302188588229 , -24.7658421238592
6909 , 20.4737780043063 , -46.9886424561467
6910 , 20.3930666450668 , 40.813093790324
6911 , 20.3281451863664 , 66.7626043183186
6912 , 20.4584333108279 , -18.5804839515333
6913 , 20.4060966699015 , 38.5330185523021
6914 , 20.4181612623577 , 42.5181728554031
6915 , 20.4724544832544 , -3.04010645260702
6916 , 20.3961054353139 , 58.378757905417
6917 , 20.4668916405085 , 8.13333108633667
6918 , 20.526040357634 , -47.4349172237232
6919 , 20.5398583066725 , -44.1774065378212
6920 , 20.7586037116676 , -79.9568971287952
6921 , 20.4825083852158 , 25.7598020042002
6922 , 20.5076216352469 , -2.15467098412183
6923 , 20.5389458698164 , -30.793335816117
6924 , 20.5663543539775 , -25.4357359457272
6925 , 20.5838732271523 , -31.9407771306658
6926 , 20.5612468054857 , -1.99119148419787
6927 , 20.552813417037 , 9.95416224306374
6928 , 20.5561480097904 , 9.96476189102687
6929 , 20.5656092190186 , -1.99891165924793
6930 , 20.5585666648024 , 9.91118474017651
6931 , 20.5716549582401 , -11.3307110466088
6932 , 20.722025704636 , -73.5761464173789
6933 , 20.5696631882876 , 7.42529021857108
6934 , 20.5789408217177 , 7.44235800392003
6935 , 20.6523893500674 , -52.0692835854931
6936 , 20.6099927158374 , -25.2407541273004
6937 , 20.6595542544442 , -52.1028049407765
6938 , 20.5864319921325 , 22.2546241626829
6939 , 20.5281360984539 , 60.698487024119
6940 , 20.5817034117654 , 28.3116937864281
6941 , 20.6162823393942 , -4.58038543331181
6942 , 20.6909764469523 , -54.2606716667535
6943 , 20.759834401421 , -68.7050754918021
6944 , 20.6490249240303 , 7.03551546316058
6945 , 20.6599098706483 , -4.93314616780172
6946 , 20.5844722719659 , 60.1906752590175
6947 , 20.6989946104901 , -32.4457314258427
6948 , 20.7382862337671 , -53.3151610655729
6949 , 20.5872230585096 , 64.8407979287272
6950 , 20.6932188738052 , 16.6611534454699
6951 , 20.6220737782042 , 66.1438248333936
6952 , 20.6220737782042 , 66.1438248333936
6953 , 20.6311048912375 , 65.8036654873678
6954 , 20.7435530771271 , 3.24933787318327
6955 , 20.747642322753 , 2.63524003518176
6956 , 20.7403437503997 , 12.5518511022243
6957 , 20.7559213763004 , 2.62062328568279
6958 , 20.8236952428475 , -37.9554044025247
6959 , 20.7947914897787 , 0.470894180418128
6960 , 20.7691891198159 , 30.7564242886804
6961 , 20.7956839983726 , 0.40451830785888
6962 , 20.7980486095371 , 0.362604594634387
6963 , 20.7980655190604 , 0.549821860331522
6964 , 20.7995213946293 , 0.342068046211444
6965 , 20.7984839971785 , 0.524827796795947
6966 , 20.8002116204743 , 0.408741488974376
6967 , 20.8022363198714 , 0.452932257477814
6968 , 20.8189436197291 , -8.31854363942214
6969 , 20.816714663467 , 7.78098698051042
6970 , 20.8821394466857 , -48.7345518991852
6971 , 20.8323984306988 , 6.0362242628117
6972 , 20.8419538379791 , 9.94070388452017
6973 , 20.8781341855834 , -5.85234292119739
6974 , 20.8585828532807 , 31.8634291804736
6975 , 20.8836548279175 , -5.72950183927782
6976 , 20.8836548279175 , -5.72950183927782
6977 , 20.8846805929641 , -5.70393458208315
6978 , 20.8862904648311 , -5.66919355416522
6979 , 20.8574449201391 , 32.1909139339663
6980 , 20.8900471400979 , -5.79497787348412
6981 , 20.9012441553268 , -12.4940818623304
6982 , 20.9682358847878 , -51.8181884054256
6983 , 20.9577142311128 , -43.9419661075057
6984 , 20.9781986691883 , -51.8261355550505
6985 , 20.7609412336366 , -11.0636093207912
6986 , 20.9523225594939 , -18.5230026762473
6987 , 20.9823087946309 , -48.5853929049285
6988 , 20.939151659725 , 10.5505147865975
6989 , 20.9078741740861 , 45.2821587986855
6990 , 21.0127782615019 , -55.5167178919971
6991 , 20.933456320486 , 47.4902903145755
6992 , 20.947519824814 , 31.758742833636
6993 , 20.9092519617212 , -25.4293656722099
6994 , 20.9923716976986 , -12.5918961598926
6995 , 20.9592317908817 , 31.2588924998668
6996 , 20.9478774172603 , 45.5037938450006
6997 , 20.9505879803739 , 44.6693779778296
6998 , 21.0381643187413 , -27.9872507534251
6999 , 21.0442467330468 , -28.0144038288886
